1194
1129
674
1398
754
754
892
1273
720
720
1846
1215
535
1246
1246
502
1300
1300
1068
1038
1677
1046
1046
775
1107
1414
1414
765
1240
1300
1300
439
869
934
934
1331
1155
1020
771
771
891
948
910
910
916
1044
1334
1334
1114
1102
1098
1098
1053
977
668
764
764
1094
1353
1758
1758
689
998
681
681
924
1457
1197
809
809
1268
1019
832
832
1347
1194
984
984
1377
879
1032
1032
1165
1138
913
975
975
853
1185
900
900
866
876
851
851
1116
1736
978
978
822
815
566
1144
1144
1465
984
1873
1873
744
831
1119
1119
834
946
1270
1270
784
1551
1534
723
723
1325
1322
952
952
1129
1002
901
901
1300
1228
1190
1190
785
757
937
891
891
909
1069
1068
1068
1050
1477
1225
1225
1006
1089
589
589
799
1237
827
1982
1982
1272
629
1214
1214
719
974
909
909
1110
1338
1315
1315
1629
927
1019
1187
1187
937
1025
1164
1164
1139
1178
1010
1010
772
861
966
853
853
1025
915
889
889
918
1658
1148
1148
897
855
817
817
1018
932
1464
1677
1677
611
1314
809
809
793
963
1152
1152
851
1170
1279
1279
800
997
1128
1456
1456
789
1075
1243
1243
1254
923
925
925
698
1012
868
868
980
985
925
1055
1055
1453
1087
954
954
875
917
931
931
896
940
2076
2076
1185
801
1102
571
571
860
842
1494
1494
1563
791
1177
1177
1036
918
1717
895
895
833
851
1191
1191
1055
1281
827
827
899
766
962
962
986
962
1254
1254
910
824
1054
1418
1418
1126
789
729
729
1030
918
1300
1300
1922
848
953
543
543
874
706
1291
1291
1661
799
1145
1145
872
808
1280
1280
1001
1127
807
948
948
854
1447
912
912
1169
695
1086
1086
941
1037
920
724
724
1168
1125
702
702
972
783
1974
1974
1282
373
729
1025
1025
2185
599
888
888
701
1005
1421
1421
732
1450
917
1040
1040
1276
825
994
994
983
1432
1046
1046
1094
741
984
984
774
915
923
1029
1029
1164
1031
1284
1284
1018
993
1122
1122
797
781
964
964
1124
1929
937
898
898
970
642
1094
1094
948
1611
1005
1005
1149
1047
820
820
1100
1391
915
951
951
913
1136
1516
1516
1182
1046
669
669
799
908
987
987
1003
875
1293
1478
1478
1099
863
725
725
831
1004
1198
1198
1632
1083
606
606
1101
996
996
1107
1107
1170
1170
969
780
788
1364
1364
1375
1242
887
887
776
1035
906
906
1027
955
923
923
909
852
1488
1045
1045
1249
766
736
736
1421
699
1489
1489
1784
849
1035
710
710
931
1591
469
469
1188
1259
971
971
1149
1372
782
782
1061
1026
839
966
966
1145
1346
1065
1065
936
801
810
810
951
992
1025
1025
1028
929
1309
1018
1018
1222
551
1150
1150
843
1042
1555
1555
1128
1301
869
869
735
1032
1563
802
802
1236
886
1181
1181
1196
1059
1116
1116
653
1595
1100
1100
895
922
1132
1265
1265
1163
1054
815
815
879
1025
875
875
1015
940
1012
1012
1208
1234
1064
1090
1090
644
1144
1001
1001
641
1191
1734
1734
1142
1099
775
775
938
655
1336
1140
1140
1342
1118
1255
1255
1376
821
1189
1189
1076
314
1093
1014
1014
1359
1045
1005
1005
680
838
908
908
852
954
1293
1293
1564
911
1069
890
890
939
986
1035
1035
680
1057
1504
1504
1722
866
866
866
876
756
1041
1481
1481
1198
871
1226
1226
1056
1048
959
959
1406
828
986
986
868
1438
1276
1216
1216
816
767
1079
1079
925
976
908
908
837
829
995
995
1605
953
1090
679
679
1005
939
725
725
1896
1602
731
731
1147
644
959
959
935
1105
1258
1243
1243
1628
916
917
917
941
1448
723
723
995
1258
1174
1364
1364
1039
752
956
956
749
934
933
933
1050
980
922
922
1305
1082
1115
1115
932
954
835
801
801
1014
1927
1443
1443
773
821
818
818
989
800
1201
1387
1387
1349
1091
1279
1279
812
1272
1136
1136
901
992
1282
1282
1344
1009
963
601
601
1031
979
990
990
1004
898
1028
1028
1272
1000
976
976
758
996
993
1243
1243
1618
1085
841
841
956
690
920
920
1077
1639
696
696
1004
1203
1101
950
950
1271
892
931
931
1011
1145
1210
1210
1285
1279
937
937
1095
588
865
831
831
857
837
988
988
1376
1277
966
966
700
1303
997
997
1363
1931
1255
893
893
790
923
850
850
999
1031
1067
1067
931
1773
642
642
909
1072
1323
903
903
1002
1355
1466
1466
1018
900
718
718
1000
789
912
1054
1054
933
1030
1481
1481
1107
898
720
720
679
1146
1044
1044
1452
1738
651
882
882
570
1186
661
661
1381
1149
1325
1325
856
1550
704
704
1347
986
935
1129
1129
1256
1126
1202
1202
750
746
909
909
960
1069
965
965
933
1531
961
1254
1254
952
743
899
899
1326
768
1332
1332
1928
538
1006
1006
666
832
887
1138
1138
1620
1075
1023
1023
1065
1190
1014
1014
1810
881
986
986
1101
1341
1096
1014
1014
610
991
899
899
984
1078
1521
1521
1110
935
870
870
758
1001
1302
782
782
838
969
2071
2071
1039
618
887
887
630
979
1621
1007
1007
841
1002
1219
1219
1060
921
1589
1589
1261
984
739
739
1411
1040
1198
635
635
880
1048
908
908
962
962
953
953
1277
1222
1222
974
1130
1219
1219
1216
916
1200
1200
905
1124
842
1172
1172
1332
1157
1052
1052
733
988
877
877
847
984
1016
1016
973
1166
1463
962
962
1090
705
1044
1044
892
661
1979
1979
1413
1011
888
888
946
677
1068
1095
1095
1056
948
862
862
1988
909
837
837
1247
1084
1148
1148
1097
1327
1095
1013
1013
619
1217
902
902
1314
949
878
878
811
1502
897
897
1228
737
1345
1035
1035
508
1182
2225
2225
652
937
570
570
845
1013
1566
1566
1315
1003
791
1300
1300
1224
893
1435
1435
1154
916
848
848
1065
1229
1304
1304
1181
890
853
1054
1054
800
931
980
980
1027
1163
1159
1159
1239
924
1137
1137
838
1210
763
868
868
968
1922
1286
1286
885
950
757
757
871
1034
1159
1277
1277
1157
840
1212
1212
1119
937
1009
1009
903
1416
874
874
1033
771
1178
1085
1085
1260
1126
1120
1120
986
854
1083
1083
775
833
1063
1063
886
1009
930
1594
1594
754
1124
909
909
931
972
846
846
1512
699
1043
1043
1305
1060
1123
984
984
1192
1175
715
715
1094
1168
1172
1172
1101
1253
982
982
1068
937
836
1132
1132
943
1939
989
989
807
1033
1290
1290
902
1073
867
867
1365
810
1258
1162
1162
1209
802
1062
1062
1022
955
1052
1052
857
877
919
919
1104
1498
684
1346
1346
1040
954
893
893
1074
885
929
929
797
1429
955
798
798
1342
1202
1377
1377
934
888
709
709
1183
1115
1450
1450
789
990
1175
976
976
1156
1013
995
995
1139
1099
1108
1108
1103
1251
993
993
997
918
1156
1044
1044
1025
1242
1154
1154
1041
987
779
779
1140
790
914
914
847
957
1057
990
990
1345
1239
959
959
658
658
1133
1133
829
1017
921
1050
1105
1314
1314
945
946
705
705
958
1046
981
920
920
991
1006
1026
1026
1295
1144
933
933
1068
914
1021
1021
928
1125
1107
572
572
1139
1015
757
757
2147
678
850
850
801
857
924
924
1003
1532
954
912
912
1210
1279
839
839
1202
891
992
992
835
1296
1073
1073
1163
995
1055
976
976
1083
1146
952
952
1028
1214
1167
1167
963
845
892
892
1181
747
950
1010
1010
801
1122
1061
1061
1442
786
1484
1484
733
1109
966
958
958
1025
727
1069
1069
1199
1353
897
897
890
1404
1884
1884
460
1266
791
924
924
1099
1184
1404
1404
900
1058
1069
1069
1098
850
996
996
843
961
1721
673
673
1212
937
886
886
958
1016
923
923
997
1092
996
996
1207
1187
1137
996
996
1034
899
844
844
882
873
869
869
940
995
1111
1111
1070
1092
1012
954
954
1072
1156
912
912
971
1102
988
988
1005
1007
1028
1028
1049
970
1039
997
997
988
986
993
993
1009
972
1015
1015
1018
1007
997
997
1023
1028
1004
999
999
1011
1002
993
993
1013
995
1006
1006
1020
1002
1020
1020
1014
1014
1000
1010
1010
1006
1008
1005
1005
1003
1008
1009
1009
1004
1006
1008
1003
1003
1004
1008
1012
1012
1007
1009
995
995
1017
1003
1004
1004
1009
1009
1004
1007
1007
1002
1010
995
995
1011
1005
1012
1012
1003
1012
1003
1003
1009
1002
1007
1001
1001
1007
1004
1007
1007
1009
1008
1007
1007
1006
1005
1004
1004
1005
1006
1006
1008
1008
1003
1008
1000
1000
1010
1011
1001
1001
1001
1004
1002
1002
1011
1006
1012
1004
1004
1006
1000
1008
1008
1008
1003
1009
1009
1005
1008
1004
1004
1006
1006
1000
1005
1005
1003
1009
1007
1007
1006
1006
1004
1004
1004
1001
1008
1008
1005
1006
1008
1008
1008
1010
1003
1006
1006
1000
1004
1003
1003
1010
1010
1001
1004
1004
1008
1004
1007
1007
1002
1005
1007
1007
1009
1015
1000
1000
1004
997
1005
1010
1010
1007
1009
1002
1002
1007
1006
1005
1005
1007
1007
992
992
1012
1011
1007
1005
1005
1007
998
1014
1014
1006
1001
1014
1014
1001
1009
1010
1010
1003
1010
1001
1005
1005
1006
1003
1009
1009
1007
1011
1008
1008
1007
1004
1007
1007
1002
1010
1006
997
997
1021
1000
1000
1000
1013
1003
1002
1002
1014
1009
1005
1010
1007
1006
1006
1003
1003
1006
1006
1008
1008
1010
1010
1007
1003
1005
1003
1003
1008
1007
1004
1004
1007
1005
1008
1008
1006
1008
1000
1000
1008
1002
1003
1012
1012
1001
1014
1004
1004
1003
1006
1000
1000
1012
1003
1007
1007
1004
1004
1010
1007
1007
1007
1006
1000
1000
1005
1006
1007
1007
1007
1010
1008
1008
1004
1005
1003
1006
1006
1005
1011
1008
1008
1010
1005
1007
1007
1001
1003
1004
1004
1004
1007
1009
1008
1008
1006
1003
1005
1005
1003
1002
1007
1007
1007
1008
1007
1007
1007
1005
1003
1001
1001
1006
1006
1006
1006
1007
1007
1006
1006
1005
1008
1005
1005
1007
1007
1007
1007
1007
1007
1007
1004
1004
1004
1006
1006
1006
1008
1008
1005
1002
1002
1006
1004
1006
1006
1006
1007
1006
1006
1006
1005
1003
1003
1007
1002
1003
1005
1005
1007
1008
1005
1005
1007
1006
1004
1004
1006
1003
1007
1007
1007
1006
1007
1004
1004
1003
1006
1006
1006
1008
1006
1006
1006
1007
1006
1005
1005
1004
1006
1006
1007
1007
1004
1007
1007
1007
1006
1004
1004
1004
1005
1005
1007
1007
1008
1008
1007
1006
1006
1002
1006
1003
1003
1006
1006
1006
1006
1008
1007
1005
1005
1004
1005
1006
1007
1007
1007
1007
1003
1003
1006
1006
1004
1004
1005
1006
1005
1008
1008
1007
1007
1006
1006
1005
1004
1006
1006
1007
1002
1009
1009
1007
1006
1007
1006
1006
1005
1006
1004
1004
1004
1006
1008
1008
1006
1003
1004
1006
1006
1007
1004
1005
1005
1007
1005
1008
1008
1008
1006
1004
1004
1003
1007
1004
1004
1008
1007
1011
1009
1009
1007
1005
1004
1004
1001
1005
1006
1006
1007
1007
1005
1005
1007
1004
1004
1003
1003
1003
1007
1008
1008
1008
1007
1007
1007
1005
1005
1003
1003
1002
1005
1006
1007
1007
1006
1008
1007
1007
1004
1006
1004
1004
1005
1006
1009
1009
1006
1009
1005
1007
1007
1005
1005
1005
1005
1005
1008
1008
1008
1007
1007
1006
1008
1008
1004
1005
1006
1006
1007
1006
1007
1007
1006
1010
1005
1005
1003
1003
1005
1004
1004
1007
1006
1007
1007
1007
1007
1004
1004
1006
1005
1005
1005
1005
1007
1005
1006
1006
1007
1005
1007
1007
1006
1006
1007
1007
1005
1006
1004
1004
1008
1009
1007
1006
1006
1003
1005
1006
1006
1006
1005
1006
1006
1007
1008
1008
1008
1006
1005
1006
1006
1006
1008
1005
1009
1009
1010
1006
1007
1007
1005
1005
1004
1004
1006
1003
1006
1008
1008
1007
1007
1005
1005
1008
1008
1007
1007
1003
1006
1008
1005
1005
1007
1005
1007
1007
1004
1005
1002
1002
1006
1004
1006
1006
1008
1006
1007
1005
1005
1004
1005
1008
1008
1007
1007
1005
1005
1007
1006
1007
1006
1006
1007
1006
1005
1005
1007
1009
1006
1006
1006
1006
1006
1006
1004
1008
1007
1007
1008
1005
1006
1007
1007
1006
1004
1007
1007
1007
1002
1004
1004
1005
1005
1003
1006
1006
1005
1007
1005
1005
1005
1004
1007
1007
1008
1006
1006
1006
1005
1008
1005
1005
1008
1005
1007
1007
1007
1007
1006
1005
1005
1005
1004
1006
1006
1005
1006
1005
1006
1006
1006
1010
1008
1008
1004
1004
1006
1006
1005
1004
1006
1006
1007
1007
1005
1008
1008
1003
1006
1008
1008
1007
1006
1005
1005
1004
1006
1008
1008
1006
1005
1007
1005
1005
1009
1005
1005
1005
1005
1005
1008
1008
1005
1006
1005
1005
1005
1009
1007
1005
1005
1008
1006
1006
1006
1004
1007
1005
1005
1008
1006
1004
1004
1004
1007
1006
1004
1004
1006
1006
1006
1006
1005
1005
1008
1008
1007
1007
1004
1006
1006
1008
1002
1004
1004
1005
1007
1005
1005
1005
1006
1002
1002
1006
1005
1012
998
998
1019
995
1015
1015
1001
1004
1008
1008
1003
1009
1002
1002
1009
1004
1003
1008
1008
1005
1008
1003
1003
1008
1005
1006
1006
1007
1008
1007
1007
1006
1010
999
1007
1007
1004
1009
1003
1003
1006
1010
999
999
1003
1013
1006
1006
1000
1007
1007
998
998
998
1000
1006
1006
1006
1033
1006
1007
1003
1003
1005
999
995
995
1002
1008
1014
1014
1026
996
1012
997
997
1008
996
1001
1001
1001
1006
1006
1006
1011
1015
1003
1003
1007
999
1000
998
998
1004
1006
1009
1009
1013
1010
1004
1004
1006
1003
1002
1002
1003
1006
1007
1010
1010
1012
1004
1008
1008
1003
1002
995
995
1009
1004
1010
1010
1006
1008
1008
1006
1006
1003
1006
1001
1001
1005
1004
1009
1009
1009
1008
1009
1009
1004
1003
1006
1001
1001
1003
1006
1010
1010
1009
1000
1007
1007
1005
1000
1009
1009
1000
1014
1006
1017
1017
1000
1012
999
999
1000
1010
1007
1007
998
1010
1013
1002
1002
1034
982
999
999
1003
992
1006
1006
1007
1013
1030
1030
990
1009
999
1002
1002
1002
1004
1002
1002
1012
1012
1015
1015
1004
1003
1001
1001
1001
997
1006
1003
1003
1013
1013
1019
1019
1001
1002
998
998
1002
1002
1004
1004
1008
1007
1016
1009
1009
1004
997
1009
1009
1006
1006
1008
1008
1014
1006
999
999
1003
990
1006
1041
1041
990
1028
988
988
992
994
1014
1014
996
1039
991
991
1010
1002
1005
998
998
1010
995
1016
1016
1013
1002
1010
1010
1006
1005
1003
1001
1001
1000
1008
1001
1001
1015
1010
1009
1009
999
1008
1002
1002
1001
1001
1014
1013
1013
1014
1000
996
996
1011
992
1015
1015
993
1013
1004
1004
1018
996
1013
1002
1002
1011
1003
1005
1005
1001
1004
1005
1005
1005
1008
1015
1015
1007
1003
1007
1005
1005
1007
1001
1006
1006
1001
1008
1008
1008
1010
998
1004
1004
1009
1001
1009
1003
1003
1012
1006
1014
1014
997
1005
1002
1002
1005
1004
1009
1009
1007
1006
1011
1007
1007
1010
1000
1007
1007
1002
1011
1000
1000
1008
1004
1008
1012
1012
1004
1005
1005
1005
1007
1004
1002
1002
1009
1009
1010
1010
1006
1005
1007
1004
1004
1008
1001
1004
1004
1003
1012
1003
1003
1006
1002
1007
1007
1009
1005
1008
1002
1002
1009
1003
1011
1011
1004
1005
1002
1002
1005
1007
1005
1005
1001
1010
1007
1007
1007
1003
1007
1004
1004
1005
1007
1001
1001
1007
1004
1007
1007
1004
1003
1008
1009
1009
1005
1007
1005
1005
1002
1007
1003
1003
1010
1004
1011
1011
1001
1009
1007
1008
1008
1002
1005
1006
1006
1000
1008
1005
1005
1009
1012
999
999
1012
1000
1007
1004
1004
1005
1002
1009
1009
1003
1013
1000
1008
1008
1003
1004
1004
1004
1006
1006
1000
1000
1014
1005
1018
1018
997
1003
1000
1000
1011
1007
1008
1003
1003
1008
1005
1007
1007
1001
1004
998
998
1008
1001
1006
1006
1014
1027
986
1012
1012
1003
995
1013
1013
1001
1010
1000
1000
1008
1018
1024
1024
1038
935
1032
971
971
1019
1001
1028
1028
1002
1011
1021
1021
1007
1005
993
993
1001
1002
1002
1009
1009
1007
1010
1012
1012
1000
1006
999
999
1010
1000
1010
1010
1004
1012
998
1009
1009
1005
1002
1004
1004
1008
1003
1003
1003
1015
1001
1010
1010
1005
1012
1000
1004
1004
1007
1004
1004
1004
1009
1005
1003
1003
1007
1008
1003
1003
1000
1008
1006
1007
1007
1007
1011
1004
1004
1001
1002
1009
1009
1005
1003
1011
1011
1010
1001
1008
1004
1004
1005
1004
1007
1007
1004
1003
1009
1009
1008
1001
1004
1004
1007
1004
1004
1010
1010
1005
1007
1008
1008
1008
1000
1011
1011
1007
1004
1002
1005
1005
1010
1002
1006
1006
1008
1008
1007
1007
1006
1003
1004
1004
1004
1004
1005
1003
1003
1007
1011
1002
1002
1006
1004
1000
1000
1007
1003
1007
1007
1006
1013
994
1005
1005
1006
1005
1003
1003
1007
1016
992
992
1010
1001
1014
1014
1007
1003
1003
1004
1004
1007
1010
1006
1006
1006
1009
1000
1000
1006
1003
1004
1004
995
1012
1055
964
964
1015
980
1044
1044
981
1077
1008
952
952
1020
969
969
1025
1009
1058
979
979
1010
989
1030
1030
1021
988
996
996
987
1016
997
997
1036
1007
1001
1001
1001
1014
1014
1007
1007
1006
1007
1002
1005
1005
1014
1001
1007
1007
1003
1010
1010
1010
1002
1006
1007
1007
1005
1007
1009
1003
1003
1007
1004
1010
1010
1009
1002
1012
1012
1004
1006
1005
1005
1005
1003
1009
1010
1010
999
1007
1004
1004
1010
1008
1002
1002
1003
1001
1008
1008
1007
1005
1005
1005
1005
1005
1008
1007
1007
1007
1004
1005
1005
1007
1007
1007
1007
1006
1013
1002
1003
1003
1009
1005
1000
1000
1004
1009
1002
1007
1007
1008
1004
1004
1004
1009
1004
1006
1006
1006
1003
1003
1003
1011
1003
1004
1004
1002
1005
1007
1007
1007
1011
1008
1000
1000
1001
1007
1010
1010
1004
1004
1005
1005
1009
1010
1006
1012
1012
1001
1006
1003
1003
1010
1007
1003
1003
1010
1001
1008
1008
1007
1005
1007
1003
1003
1007
1004
1001
1001
1011
1008
1001
1001
1008
1007
1001
1001
1008
1007
1003
1005
1007
1007
1007
1007
1007
1006
1010
1004
1004
1008
1005
1007
1007
1010
1005
1007
1009
1009
1006
1004
1006
1006
1010
1005
1008
1008
1004
999
1011
1011
1009
1002
1010
1006
1006
1001
1007
1009
1009
1007
1002
1007
1007
1007
1002
1012
1012
1008
1004
1002
1009
1009
1003
1007
1008
1008
1006
1002
1005
1005
1009
1002
1005
1006
1006
1006
1004
1006
1006
1011
1003
1002
1002
1007
1009
1007
1007
1004
1004
1004
1010
1010
1008
1003
1007
1007
1004
1004
1006
1006
1005
1010
1001
1001
1009
1002
1011
1003
1003
1004
1005
1005
1005
1002
1010
1006
1006
1002
1002
1001
1001
1009
1006
1006
1002
1002
1005
1003
1010
1010
1006
1003
1009
1009
1004
1011
1003
1003
1006
1006
1007
1002
1002
1007
1009
1002
1002
1006
1004
1006
1006
1005
1005
1007
1007
1007
1008
1008
1007
1006
1006
1006
1007
1006
1007
1007
1007
1006
1007
1007
1007
1007
1004
1005
1005
1008
1006
1003
1003
1008
1007
1006
1006
1004
1004
1006
1006
1005
1007
1008
1008
1008
1005
1008
1006
1006
1007
1003
1005
1005
1006
1008
1007
1005
1005
1005
1005
1005
1005
1006
1005
1005
1005
1006
1006
1008
1008
1005
1005
1005
1005
1005
1006
1006
1007
1007
1005
1006
1003
1003
1007
1005
1005
1005
1008
1006
1005
1008
1008
1005
1006
1005
1005
1005
1006
1004
1004
1006
1005
1005
1005
1007
1003
1007
1005
1005
1007
1004
1006
1006
1008
1005
1007
1007
1007
1006
1005
1005
1007
1007
1008
1007
1007
1007
1006
1006
1006
1007
1010
1004
1004
1006
1005
1005
1005
1007
1008
1005
1007
1007
1006
1006
1005
1005
1008
1007
1006
1006
1006
1007
1007
1007
1006
1007
1005
1007
1007
1004
1004
1007
1007
1005
1004
1006
1006
1006
1005
1006
1006
1006
1007
1005
1005
1005
1005
1003
1007
1007
1007
1006
1004
1004
1005
1005
1006
1006
1003
1008
1006
1004
1004
1004
1006
1006
1006
1003
1003
1005
1005
1006
1005
1006
1004
1004
1004
1007
1005
1005
1004
1007
1007
1007
1006
1006
1009
1009
1006
1007
1007
1003
1003
1005
1004
1006
1006
1007
1002
1006
1006
1007
1008
1006
1006
1006
1009
1007
1006
1006
1007
1003
1005
1005
1006
1005
1006
1006
1007
1005
1005
1005
1007
1006
1008
1007
1007
1005
1008
1007
1007
1003
1005
1005
1005
1007
1003
1007
1007
1004
1002
1007
1007
1007
1007
1006
1006
1006
1006
1008
1004
1004
1005
1006
1008
1008
1006
1006
1007
1007
1007
1006
1006
1006
1006
1007
1006
1006
1006
1005
1007
1006
1006
1006
1002
1004
1006
1006
1008
1003
1002
1002
1005
1006
1006
1006
1006
1007
1005
1005
1005
1008
1005
1008
1008
1005
1007
1007
1007
1004
1003
1006
1006
1007
1005
1007
1004
1004
1005
1008
1008
1008
1008
1007
1007
1007
1005
1005
1006
1006
1007
1003
1008
1009
1009
1007
1004
1006
1006
1007
1008
1007
1007
1006
1005
1004
1004
1002
1008
1005
1005
1005
1008
1007
1004
1004
1005
1007
1006
1006
1005
1007
1004
1004
1008
1005
1007
1004
1004
1005
1007
1007
1007
1006
1005
1008
1008
1006
1004
1007
1007
1006
1007
1006
1006
1006
1008
1004
1004
1004
1007
1007
1007
1007
1004
1006
1006
1006
1005
1007
1006
1006
1006
1006
1007
1002
1002
1007
1005
1006
1006
1007
1007
1005
1006
1006
1008
1006
1002
1002
1005
1008
1010
1010
1005
1008
1007
1007
1007
1006
1005
1007
1007
1006
1004
1005
1005
1006
1002
1009
1009
1008
1006
1005
1005
1007
1004
1005
1007
1007
1006
1007
1003
1003
1003
1007
1005
1005
1007
1009
1003
1003
1009
1008
1007
1007
1007
1006
1007
1008
1008
1006
1006
1008
1008
1008
1007
1004
1004
1006
1008
1006
1007
1007
1008
1005
1007
1007
1007
1006
1007
1007
1006
1004
1005
1005
1007
1004
1004
1006
1003
1003
1006
1006
1006
1004
1005
1007
1007
1006
1006
1009
1009
1005
1005
1006
1006
1006
1004
1006
1007
1007
1007
1004
1007
1007
1004
1005
1004
1004
1007
1007
1005
1006
1006
1006
1004
1007
1007
1005
1006
1007
1007
1008
1005
1005
1005
1002
1008
1005
1008
1008
1005
1005
1005
1005
1005
1006
1006
1006
1007
1005
1007
1006
1006
1008
1007
1006
1006
1006
1005
1007
1007
1007
1006
1008
1008
1004
1003
1006
1004
1004
1006
1006
1007
1007
1005
1008
1002
1002
1006
1004
1005
1005
1006
1004
1007
1005
1005
1006
1006
1008
1008
1004
1005
1007
1007
1006
1006
1005
1005
1005
1005
1004
1006
1006
1005
1003
1005
1005
1005
1007
1006
1006
1005
1006
1003
1003
1006
1007
1005
1005
1005
1005
1007
1006
1006
1006
1006
1007
1007
1007
1002
1006
1005
1005
1005
1008
1003
1003
1006
1006
1005
1005
1007
1007
1005
1005
1007
1005
1007
1007
1007
1006
1009
1007
1007
1003
1008
1004
1004
1004
1007
1003
1003
1007
1003
1005
1007
1007
1006
1008
1006
1006
1006
1005
1004
1004
1007
1005
1004
1004
1009
1005
1005
1005
1005
1007
1009
1005
1005
1006
1005
1006
1006
1007
1006
1008
1008
1007
1007
1007
1006
1006
1007
1006
1007
1007
1007
1006
1006
1006
1005
1006
1006
1006
1007
1007
1006
1006
1006
1005
1003
1006
1006
1008
1008
1002
1002
1003
1007
1006
1006
1006
1009
1006
1005
1005
1006
1009
1004
1004
1005
1002
1004
1004
1006
1006
1007
1007
1004
1006
1006
1007
1007
1008
1007
1006
1006
1004
1007
1004
1004
1006
1005
1005
1006
1006
1006
1007
1007
1007
1006
1005
1005
1005
1006
1007
1007
1007
1006
1006
1004
1004
1004
1005
1004
1007
1007
1006
1007
1007
1007
1003
1004
1004
1004
1008
1006
1005
1003
1003
1006
1007
1004
1004
1004
1005
1005
1005
1004
1004
1006
1006
1007
1007
1008
1007
1007
1006
1008
1006
1006
1004
1002
1006
1006
1007
1005
1006
1006
1004
1005
1006
1007
1007
1008
1006
1007
1007
1005
1007
1006
1006
1005
1005
1005
1005
1004
1006
1007
1005
1005
1006
1005
1006
1006
1006
1007
1004
1004
1005
1006
1006
1006
1007
1003
1007
1003
1003
1005
1005
1001
1001
1009
1006
1005
1005
1005
1006
1011
1004
1004
1007
1005
1002
1002
1009
1006
1006
1006
1003
1005
1007
1007
1007
1009
1007
1007
1007
1007
1004
1003
1003
1006
1005
1009
1009
1007
1005
1004
1004
1005
1006
1004
1008
1008
1007
1005
1005
1005
1005
1002
1005
1005
1005
1004
1006
1006
1006
1005
1005
1006
1006
1006
1006
1007
1007
1005
1007
1006
1006
1003
1006
1007
1007
1006
1004
1008
1005
1005
1007
1009
1005
1005
1004
1005
1005
1005
1006
1008
1004
1004
1007
1008
1017
1041
1041
959
952
1082
1082
978
1210
806
806
1053
936
1072
1072
950
1199
831
1137
1137
951
1042
1079
1079
902
1052
1001
1001
1014
1086
930
1030
1030
1004
1050
999
999
980
990
1044
1044
1101
915
1022
1022
934
1086
1103
892
892
1033
913
1114
1114
1129
867
1031
1031
892
1159
1105
1105
857
1034
877
1188
1188
1151
823
1021
1021
873
1141
1204
1204
839
1000
908
908
1103
1232
833
1008
1008
891
1117
1215
1215
833
1005
916
916
1094
1195
861
861
978
981
1003
1229
1229
896
950
968
968
1002
1238
896
896
950
1020
938
938
1187
1018
895
995
995
928
1260
944
944
914
1046
913
913
1131
1091
881
1001
1001
891
1237
1030
1030
881
1019
922
922
1139
1093
876
876
1014
936
1078
1142
1142
904
982
939
939
1061
1174
903
903
967
948
1049
1049
1195
893
966
979
979
1203
1203
938
938
938
996
958
958
1225
951
919
919
1010
948
1215
986
986
898
1009
927
927
1218
1003
893
893
1021
917
1178
1178
1045
881
1019
911
911
1175
1071
871
871
1015
909
1177
1177
1085
868
1017
1017
927
1093
1139
897
897
989
947
1040
1040
1208
892
961
961
917
1074
1237
1237
856
982
925
1032
1032
1250
888
947
947
953
991
1264
1264
912
938
1013
934
934
1212
979
895
895
1019
934
1232
1232
983
881
1040
1040
911
1192
1041
869
869
1008
904
1246
1246
1040
869
1011
1011
903
1214
1069
1069
870
1004
911
1163
1163
1127
863
988
988
937
1112
1155
1155
875
979
966
966
1029
1222
878
962
962
963
1018
1240
1240
881
947
977
977
992
1248
895
935
935
1014
947
1224
1224
970
899
1004
1004
947
1256
956
956
894
1013
913
913
1231
1011
881
1016
1016
918
1202
1040
1040
869
1027
917
917
1141
1124
859
1005
1005
903
1176
1098
1098
870
1004
958
958
1049
1188
894
894
960
934
1090
1174
1174
887
964
984
984
987
1241
909
909
940
966
1001
1001
1235
910
926
1032
1032
931
1234
967
967
900
998
957
957
1242
946
917
917
1030
919
1194
1019
1019
894
1011
931
931
1215
1003
893
893
1016
941
1164
1164
1053
869
1024
947
947
1124
1108
858
858
1003
983
1097
1097
1128
861
982
982
1024
1033
1170
878
878
952
1033
1021
1021
1170
906
932
932
1045
983
1225
1225
888
916
1044
998
998
1202
904
906
906
1091
940
1190
1190
974
862
1052
974
974
1189
978
855
855
1071
961
1155
1155
1044
844
1018
1018
1001
1132
1065
868
868
990
1010
1115
1115
1091
863
980
980
1015
1096
1130
1130
860
951
1060
1043
1043
1160
877
920
920
1066
1025
1181
1181
894
902
1073
1073
998
1193
915
886
886
1083
975
1193
1193
949
865
1060
1060
984
1192
966
966
860
1073
954
1174
1174
1021
851
1028
1028
986
1167
1028
1028
862
1023
979
979
1150
1068
847
996
996
1015
1108
1104
1104
870
961
1030
1030
1089
1124
877
937
937
1052
1060
1153
1153
888
915
1059
1059
1045
1151
916
916
899
1056
1022
1176
1176
918
872
1091
1091
984
1183
953
953
857
1060
1007
1007
1170
960
872
1059
1059
958
1210
978
978
1037
1037
992
992
1171
1027
847
847
1014
1004
1141
1053
1053
875
974
1011
1011
1152
1072
859
859
968
1039
1098
1098
1121
870
933
1054
1054
1074
1141
887
887
908
1065
1044
1044
1160
904
887
887
1073
1018
1185
915
915
870
1071
1003
1003
1184
946
862
862
1072
980
1182
1182
980
860
1030
1000
1000
1179
994
861
861
1038
981
1161
1161
1012
849
1121
1099
1099
874
969
1057
1057
1222
869
930
930
942
1136
1026
1026
925
1098
965
944
944
1059
1004
1005
1005
1023
988
982
982
1024
1003
1024
1024
1014
975
1017
1012
1012
1007
1006
1004
1004
997
1016
1012
1012
992
1015
994
994
1020
1006
995
1022
1022
996
995
1014
1014
1008
1007
1004
1004
1000
1010
1003
1003
1007
1009
1001
1011
1011
1006
1004
1003
1003
1005
1009
1006
1006
1006
1000
1008
1008
1005
1009
1010
1004
1004
1004
1004
1010
1010
1004
1003
1008
1008
1005
1009
1006
1006
1007
1007
1004
1007
1007
1004
1007
1007
1007
1003
1007
1005
1005
1008
1008
1005
1008
1008
1006
1007
1005
1005
1006
1003
1004
1004
1006
1006
1007
1007
1006
1005
1006
1005
1005
1005
1004
1007
1007
1005
1005
1008
1008
1005
1005
1005
1005
1005
1006
1006
1008
1008
1005
1005
1006
1006
1004
1008
1004
1004
1005
1004
1006
1006
1007
1007
1006
1005
1005
1005
1007
1005
1005
1008
1004
1005
1005
1007
1005
1007
1007
1004
1003
1007
1004
1004
1007
1006
1004
1004
1007
1005
1007
1007
1005
1007
1006
1006
1009
1000
1018
998
998
1005
1015
999
999
1007
1010
996
996
1008
1011
1000
1006
1006
1006
1007
1005
1005
1002
1011
1003
1003
1004
1010
1004
1004
1005
1005
1008
1002
1002
1008
1007
1004
1004
1007
1005
1007
1007
1006
1005
1006
1006
1005
1007
1002
1005
1005
1005
1007
1006
1006
1003
1008
1006
1006
1005
1005
1004
1004
1006
1005
1006
1004
1004
1009
1008
1005
1005
1004
1006
1004
1004
1008
1008
1006
1006
1007
1007
1008
1003
1003
1007
1002
1005
1005
1008
1007
1006
1006
1007
1006
1007
1007
1005
1008
1007
1005
1005
1007
1005
1007
1007
1004
1006
1004
1004
1006
1005
1008
1006
1006
1007
1005
1005
1005
1007
1004
1008
1008
1004
1005
1004
1004
1005
1005
1007
1006
1006
1005
1004
1005
1005
1007
1007
1007
1007
1006
1005
1003
1003
1006
1005
1005
1007
1007
1005
1003
1007
1007
1004
1005
1005
1005
1005
1005
1008
1008
1008
1005
1006
1004
1004
1003
1004
1004
1004
1007
1006
1006
1006
1006
1007
1004
1004
1007
1007
1007
1005
1005
1006
1005
1006
1006
1007
1007
1007
1006
1006
1006
1007
1007
1006
1005
1007
1006
1006
1002
1006
1006
1006
1006
1005
1005
1005
1005
1005
1006
1008
1008
1006
1006
1007
1007
1007
1007
1005
1005
1006
1005
1006
1006
1007
1005
1005
1005
1005
1005
1008
1007
1007
1003
1005
1007
1007
1004
1006
1005
1005
1008
1009
1003
1006
1006
1005
1006
1006
1006
1007
1006
1004
1004
1005
1005
1005
1005
1003
1003
1003
1007
1007
1008
1009
1007
1007
1007
1004
1004
1004
1008
1003
1006
1006
1005
1006
1005
1004
1004
1004
1007
1005
1005
1005
1006
1004
1004
1004
1006
1005
1005
1004
1005
1007
1007
1007
1007
1007
1004
1004
1007
1007
1007
1007
1007
1006
1006
1004
1004
1007
1007
1007
1007
1006
1006
1007
1007
1007
1008
1006
1006
1008
1007
1006
1002
1002
1006
1005
1007
1007
1006
1007
1005
1005
1005
1004
1006
1006
1006
1004
1007
1009
1009
1004
1005
1008
1008
1005
1006
1006
1006
1005
1005
1008
1008
1004
1005
1005
1007
1007
1007
1008
1006
1006
1004
1007
1003
1006
1004
1005
1005
1008
1007
1007
1004
1004
1007
1005
1006
1006
1005
1007
1009
1009
1006
1004
1006
1006
1006
1006
1004
1004
1004
1004
1005
1003
1003
1005
1007
1005
1005
1007
1007
1004
1004
1006
1005
1008
1005
1005
1005
1006
1004
1004
1002
1007
1005
1005
1006
1008
1006
1004
1004
1002
1005
1005
1005
1007
1007
1007
1007
1005
1004
1006
1006
1006
1005
1005
1005
1005
1005
1007
1006
1006
1004
1005
1009
1009
1006
1005
1005
1005
1007
1007
1005
1003
1003
1005
1002
1005
1005
1007
1004
1006
1006
1004
1005
1006
1006
1005
1006
1006
1005
1005
1005
1005
1006
1006
1005
1006
1004
1004
1006
1008
1006
1006
1005
1004
1004
1008
1008
1004
1003
1007
1007
1003
1007
1005
1005
1007
1005
1006
1006
1005
1005
1005
1003
1003
1005
1007
1006
1006
1003
1004
1005
1005
1005
1007
1007
1007
1007
1004
1005
1002
1002
1006
1005
1007
1007
1004
1004
1006
1006
1006
1005
1005
1006
1006
1007
1006
1006
1006
1008
1003
1003
1003
1007
1004
1007
1007
1007
1004
1005
1004
1004
1008
1007
1004
1004
1006
1005
1006
1006
1005
1006
1004
1004
1007
1006
1007
1034
1034
1020
901
903
903
1302
1134
794
794
890
933
1052
1052
1401
819
899
927
927
1066
1330
829
829
887
942
1098
1098
1239
818
986
986
1019
1007
1214
869
869
913
1061
1025
1025
1169
909
921
921
1045
983
1220
899
899
887
1080
973
973
1189
966
866
866
1059
946
1224
1224
967
864
1046
966
966
1190
998
864
864
1038
955
1179
1179
1029
874
1000
1000
979
1158
1052
886
886
989
956
1168
1168
1083
863
978
978
1005
1087
1131
1131
895
936
1014
1060
1060
1163
906
915
915
1022
1043
1164
1164
923
924
1018
1018
1003
1191
939
915
915
1012
981
1225
1225
930
894
1061
1061
935
1220
979
979
885
1026
943
1207
1207
1005
883
1016
1016
940
1190
1028
1028
896
999
935
935
1171
1060
896
980
980
950
1141
1090
1090
902
975
958
958
1101
1126
918
918
936
981
1064
1155
1155
929
930
988
988
1029
1185
937
937
911
1005
1007
1206
1206
937
912
1023
1023
949
1226
973
973
879
1020
952
952
1221
984
896
999
999
951
1209
1001
1001
904
999
931
931
1195
1035
910
910
985
914
1218
1030
1030
891
1010
925
925
1152
1076
909
909
961
967
1114
1114
1093
939
945
944
944
1108
1136
909
909
953
984
1015
1015
1189
948
896
896
998
1044
1150
966
966
928
975
984
984
1227
952
892
892
1023
955
1202
1202
994
900
987
961
961
1180
1040
903
903
961
942
1219
1219
1013
903
1001
921
921
1167
1088
884
884
968
962
1108
1108
1135
905
943
943
948
1122
1119
927
927
961
931
1066
1066
1200
882
954
954
987
1002
1202
1202
948
905
988
994
994
1207
974
900
900
991
945
1254
1254
966
885
1027
1027
915
1227
1027
872
872
1005
921
1195
1195
1057
892
988
988
885
1246
1039
1039
866
1034
883
1156
1156
1135
859
991
991
917
1124
1130
1130
917
964
904
904
1102
1165
920
951
951
918
1074
1176
1176
916
973
938
938
975
1244
971
894
894
941
1011
1201
1201
985
919
962
962
923
1258
1003
1003
883
1000
911
1213
1213
1074
858
982
982
916
1203
1076
1076
870
1007
880
880
1176
1114
876
997
997
879
1159
1130
1130
882
984
879
879
1133
1154
886
886
993
870
1095
1183
1183
901
976
891
891
1044
1217
923
923
945
917
1019
1019
1211
964
923
922
922
991
1223
979
979
926
946
947
947
1223
1027
889
889
964
937
1220
1041
1041
885
985
900
900
1194
1094
870
870
990
891
1192
1092
1092
877
1011
866
866
1172
1127
867
867
1023
857
1130
1130
1163
875
1016
849
849
1102
1186
890
890
1001
857
1085
1085
1192
911
994
994
867
1042
1218
936
936
967
895
1006
1006
1214
970
940
915
915
984
1225
1225
980
935
942
940
940
1207
1058
889
889
966
920
1210
1210
1057
892
992
992
888
1171
1121
864
864
1004
873
1154
1154
1140
873
1013
1013
862
1126
1168
1168
873
1010
855
1113
1113
1181
888
1016
1016
851
1067
1216
1216
914
978
875
1053
1053
1211
925
981
981
886
1004
1232
1232
974
934
912
912
980
1218
1009
918
918
945
943
1215
1215
1042
897
961
961
921
1201
1076
1076
883
990
888
1163
1163
1130
867
1002
1002
869
1167
1130
1130
871
1021
855
855
1125
1180
864
1015
1015
853
1103
1196
1196
884
1009
851
851
1075
1207
904
904
993
862
1053
1227
1227
928
974
882
882
1013
1226
965
965
949
909
984
984
1222
1000
919
935
935
950
1225
1026
1026
911
963
917
917
1199
1075
891
978
978
893
1192
1101
1101
869
1019
857
857
1166
1139
867
867
1016
853
1130
1183
1183
863
1014
844
844
1124
1175
885
885
1013
844
1076
1076
1223
903
984
868
868
1049
1218
935
935
972
884
1010
1010
1236
969
928
928
915
982
1232
990
990
922
949
936
936
1213
1062
880
966
966
921
1217
1217
1062
879
992
884
884
1178
1128
851
851
1012
868
1164
1164
1140
864
1015
1015
857
1144
1158
867
867
1024
840
1113
1113
1194
871
1018
1018
848
1080
1214
903
903
986
864
1059
1059
1217
918
990
990
880
1018
1233
1233
962
941
907
990
990
1229
983
934
934
937
941
1217
1217
1054
885
966
966
919
1225
1053
889
889
993
883
1160
1160
1133
867
994
994
866
1200
1105
1105
867
1043
845
1120
1120
1201
857
1004
1004
849
1132
1170
1170
879
1026
843
843
1077
1219
895
985
985
863
1064
1215
1215
915
987
879
879
1010
1237
969
969
940
905
992
1227
1227
986
929
936
936
947
1218
1039
1039
894
963
920
1221
1221
1057
886
999
999
878
1176
1123
1123
857
1008
864
864
1177
1134
857
1028
1028
848
1128
1188
1188
863
1011
841
841
1118
1184
875
875
1019
845
1082
1219
1219
898
991
865
865
1055
1215
932
932
976
879
1023
1023
1227
957
954
897
897
987
1231
1000
1000
921
938
947
947
1212
1049
889
889
964
925
1211
1067
1067
883
986
889
889
1205
1091
866
1025
1025
857
1152
1152
1158
854
1014
849
849
1160
1149
859
859
1036
837
1109
1109
1216
865
1000
1000
848
1093
1208
891
891
1000
861
1042
1042
1231
932
959
884
884
1029
1230
941
941
960
902
977
977
1228
1007
913
913
936
955
1226
1226
1023
900
970
914
914
1210
1073
873
873
988
899
1199
1199
1102
862
1012
1012
867
1159
1152
858
858
1017
853
1160
1160
1148
861
1031
1031
839
1116
1196
1196
867
1019
844
1085
1085
1216
899
989
989
856
1066
1223
1223
911
982
876
876
1019
1234
957
945
945
899
994
1233
1233
982
930
927
927
961
1225
1022
1022
902
956
930
1227
1227
1046
889
988
988
891
1183
1113
1113
858
1003
870
870
1200
1113
855
1031
1031
847
1133
1187
1187
853
1011
851
851
1133
1172
876
1017
1017
1004
1004
873
1170
1145
849
849
1028
853
1130
1130
1192
846
1009
1009
858
1112
1194
873
873
1003
854
1073
1073
1225
885
993
993
867
1051
1230
1230
913
961
895
1018
1018
1238
951
939
939
916
981
1236
1236
1004
901
949
949
951
1228
1027
888
888
979
919
1207
1207
1086
859
998
998
893
1191
1117
1117
850
1011
873
1164
1164
1156
845
1016
1016
861
1142
1171
1171
854
1022
847
847
1107
1202
864
1009
1009
852
1087
1214
1214
884
991
868
1055
1055
1229
920
964
964
891
1025
1232
1232
956
937
914
914
921
982
1234
996
996
904
939
966
966
1238
1015
886
886
978
916
1197
1197
1097
861
981
909
909
1206
1093
856
856
1022
870
1156
1156
1160
838
1014
1014
865
1152
1161
855
855
1028
848
1100
1100
1217
858
992
992
862
1101
1200
1200
883
864
864
1046
1046
1234
913
966
966
884
1032
1229
1229
939
949
909
986
986
1238
986
915
915
938
959
1224
1224
1024
891
972
972
924
1217
1070
862
862
991
904
1200
1200
1107
851
1013
1013
877
1162
1152
1152
841
1017
862
1158
1158
1156
843
1035
1035
851
1115
1206
919
1209
1081
861
861
1008
887
1172
1172
1141
842
1011
872
872
1155
1156
847
847
1031
852
1120
1120
1198
847
1006
1006
858
1112
1196
861
861
1024
852
1059
1059
1239
896
962
962
878
1054
1228
1228
916
976
891
1002
1002
1240
973
919
919
921
985
1235
1235
998
905
960
960
936
1220
1061
871
871
976
923
1217
1217
1077
856
1015
1015
884
1161
1154
1154
837
1011
872
1165
1165
1145
848
1028
851
851
1120
1197
1197
845
1017
857
857
1093
1210
868
1003
1003
856
1071
1219
1219
887
992
872
872
1039
1243
916
957
957
902
1004
1238
1238
963
929
927
927
970
1235
1006
1006
895
952
950
1228
1228
1035
881
984
984
911
1203
1104
1104
845
993
896
896
1203
1112
837
1027
1027
862
1146
1193
1193
827
1004
867
867
1141
1179
846
846
1028
848
1090
1234
1234
852
992
869
869
1092
1210
879
879
998
878
1023
1023
1254
923
943
902
902
1026
1232
955
955
931
929
970
970
1239
1012
885
949
949
962
1228
1031
1031
882
987
911
911
1204
1103
837
837
986
907
1211
1211
1093
848
1030
856
856
1149
1184
825
825
1007
863
879
985
985
913
1194
1118
1118
836
978
909
1210
1210
1092
847
1029
1029
858
1153
1180
1180
826
1003
869
869
1166
1157
838
1035
1035
852
1089
1236
1236
850
984
857
857
1132
1186
871
871
1011
871
1027
1250
1250
928
938
885
885
1062
1212
939
939
945
925
971
971
1241
1006
891
942
942
973
1223
1023
1023
882
989
913
913
1206
1105
840
840
979
910
1223
1080
1080
848
1033
861
861
1133
1201
824
824
987
868
1198
1198
1130
845
1046
846
846
1096
1238
840
840
995
859
1111
1111
1202
871
1001
874
874
1246
1010
884
884
959
942
1226
1051
1051
866
992
904
904
1202
1107
842
842
1004
884
1202
1202
1111
846
1028
852
852
1155
1182
829
829
1009
861
1145
1145
1174
860
1015
1015
848
1103
1217
865
865
992
856
1082
1082
1227
881
987
987
875
1037
1242
1242
928
947
902
1021
1021
1232
959
925
925
926
978
1241
1241
1002
890
964
940
940
1225
1060
867
867
981
910
1213
1213
1094
845
1007
1007
882
1192
1128
838
838
1023
861
1147
1147
1181
832
1011
1011
857
1138
1183
1183
851
1011
849
1111
1111
1208
857
1008
1008
853
1068
1236
1236
889
972
878
878
1046
1237
916
950
950
899
1014
1248
1248
952
924
925
925
978
1232
1010
1010
890
957
942
1240
1240
1049
863
986
986
913
1214
1095
1095
856
999
888
888
1179
1142
832
1014
1014
863
1166
1158
1158
835
1023
853
853
1135
1198
844
844
1007
857
1105
1216
1216
858
1004
862
862
1065
1234
883
883
972
873
1053
1237
1237
905
961
902
902
996
1248
967
967
916
921
986
986
1243
995
893
961
961
939
1239
1044
1044
871
975
920
920
1211
1098
845
845
993
892
1204
1119
1119
838
1018
864
864
1168
1167
824
824
1012
860
1143
1143
1194
840
1014
855
855
1098
1231
852
852
978
867
1092
1092
1224
873
990
990
878
1022
1263
927
927
931
898
1034
1034
1239
942
936
936
925
968
1248
1248
1008
887
948
961
961
1234
1024
880
880
993
907
1207
1207
1101
841
989
989
901
1217
1091
844
844
1033
859
1147
1147
1191
819
1002
1002
865
1171
1162
845
845
1026
848
1102
1102
1234
847
990
990
858
1104
1206
1206
881
991
870
1052
1052
1241
912
950
950
891
1045
1228
1228
934
950
916
916
978
1239
1008
894
894
938
966
1234
1234
1016
890
978
978
913
1210
1096
1096
850
979
908
1212
1212
1094
856
1022
1022
865
1148
1181
1181
828
1000
866
866
1169
1156
847
1038
1038
849
1088
1236
1236
852
990
858
858
1113
1193
873
873
1010
861
1046
1257
1257
896
961
889
889
1037
931
931
931
942
917
981
981
1246
992
901
932
932
977
1242
1005
1005
892
973
924
924
1208
1098
853
968
968
917
1230
1069
1069
854
1025
862
862
1166
1171
824
824
996
869
1173
1147
1147
851
1025
845
845
1120
1218
854
854
991
851
1117
1117
1205
864
1015
855
855
1042
1250
910
910
953
886
1045
1045
1238
921
961
904
904
987
1242
986
986
905
931
973
973
1239
1008
892
892
977
918
1213
1213
1086
852
978
917
917
1217
1080
855
855
1015
868
1166
1166
1164
827
1014
1014
864
1162
1156
843
843
1026
850
1125
1125
1206
838
1011
1011
852
1099
1219
863
863
993
863
1067
1067
1237
885
966
966
890
1036
1254
1254
919
946
912
992
992
1246
982
904
904
932
969
1243
1243
1017
878
968
968
933
1241
1046
868
868
996
902
1197
1197
1124
834
1000
1000
884
1191
1125
1125
841
1018
858
1174
1174
1163
825
1030
1030
852
1113
1214
1214
842
997
859
859
1112
1215
856
1006
1006
868
1056
1248
1248
894
957
883
883
1049
1232
924
924
958
909
985
1246
1246
983
906
932
932
988
1235
988
988
908
972
918
1218
1218
1088
852
972
972
921
1214
1080
1080
855
1011
874
874
1182
1149
831
1011
1011
864
1157
1172
1172
834
1026
847
847
1125
1203
843
843
855
855
1106
1213
1213
859
995
868
868
1065
1224
893
893
977
882
1041
1041
1248
918
941
913
913
1003
1245
969
969
910
934
970
970
1239
1013
888
888
966
937
1235
1050
1050
860
995
902
902
1227
1086
842
842
1016
877
1178
1178
1153
826
1006
865
865
1178
1149
843
843
1021
850
1136
1136
1196
835
1018
851
851
1097
1223
856
856
996
862
1077
1077
1230
884
982
982
882
1034
1247
923
923
939
907
1010
1010
1240
956
921
921
940
965
1235
1235
1013
882
958
949
949
1240
1035
869
869
999
904
1208
1208
1106
839
999
999
886
1199
1122
839
839
1015
859
1186
1186
1149
833
1035
1035
844
1122
1215
1215
837
995
863
1119
1119
1204
862
997
997
864
1071
1240
1240
881
974
876
876
1046
1238
921
946
946
903
1003
1252
1252
961
915
930
930
976
1242
999
999
893
962
941
1227
1227
1052
862
985
985
912
1224
1083
1083
846
1015
878
1186
1186
1141
828
1003
1003
874
1180
1150
1150
834
1031
850
850
1129
1208
833
1002
1002
860
1123
1203
1203
854
1006
857
857
1065
1234
884
884
977
876
1049
1245
1245
905
953
905
905
1017
1245
947
947
927
924
975
975
1245
1007
886
951
951
951
1242
1034
1034
870
991
911
911
1216
1093
848
848
993
889
1210
1116
1116
836
1031
855
855
1164
1157
846
846
1010
855
1162
1162
1172
835
1044
843
843
1090
1230
861
861
986
857
1110
1110
1198
881
996
996
862
1045
1249
907
907
958
897
1023
1023
1241
946
932
932
922
978
1241
1241
998
895
939
957
957
1244
1015
888
888
982
914
1201
1201
1115
841
972
911
911
1218
1088
844
844
856
856
1152
1152
1184
822
996
996
868
1167
1165
839
839
1037
844
1106
1106
1229
848
989
989
856
1105
1222
1222
867
992
871
1049
1049
1231
918
954
954
882
1037
1244
1244
936
938
921
921
982
1242
993
906
906
941
960
1235
1235
1023
886
974
974
920
1223
1077
1077
853
1002
894
1215
1215
1097
844
1026
1026
865
1155
1174
1174
823
1009
865
865
1166
1157
841
1036
1036
841
1105
1233
1233
840
995
857
857
1106
1205
865
865
1009
861
1046
1250
1250
908
945
880
880
1057
1239
916
916
968
910
974
1238
1238
1015
893
922
922
986
1249
996
996
896
975
911
911
1212
1100
844
963
963
917
1228
1079
1079
851
1026
860
860
1155
1184
819
819
999
865
1188
1143
1143
834
1049
841
841
1096
1242
839
839
992
852
1125
1125
1203
863
1008
859
859
1053
1257
888
888
966
880
1036
1036
1248
935
938
938
910
988
1261
969
969
908
940
959
959
1249
1013
888
888
962
932
1227
1227
1072
854
994
898
898
1224
1098
842
842
1017
867
1172
1172
1168
823
1003
1003
863
1163
1172
836
836
1023
846
1130
1130
1207
837
1014
1014
850
1100
1230
850
850
1000
865
1048
1048
1258
894
962
962
885
1034
1245
1245
934
936
908
995
995
1260
970
914
914
933
962
1243
1243
1022
883
965
965
927
1236
1068
853
853
995
896
1218
1218
1099
845
1017
1017
872
1166
1164
1164
827
1014
861
1164
1164
1159
843
1027
1027
844
1123
1212
1212
838
1014
849
849
1108
1211
866
1002
1002
857
1066
1241
1241
881
978
880
880
1039
1248
914
914
953
906
993
1249
1249
979
908
929
929
971
1257
1001
1001
892
967
927
927
1232
1066
859
986
986
904
1221
1099
1099
844
1011
872
872
1190
1146
828
1017
1017
855
1176
1157
1157
842
1024
846
846
1129
1210
831
831
1019
844
1108
1218
860
860
993
858
858
1077
1236
887
887
980
876
1029
1029
1249
928
953
906
906
997
1247
972
972
914
927
978
978
1242
991
916
916
951
934
1229
1058
1058
865
980
912
912
1229
1075
852
852
1014
874
1195
1195
1138
826
1016
860
860
1160
1177
828
828
1021
850
1140
1140
1191
846
1005
1005
846
1121
1223
840
840
1017
851
1063
1063
1246
889
968
968
875
1053
1245
910
910
963
900
1001
1001
1253
963
921
921
917
977
1250
1250
1001
894
964
935
935
1237
1043
870
870
983
916
1235
1235
1073
849
1007
1007
881
1182
1147
833
833
1005
864
1191
1191
1150
827
1043
1043
837
1126
1219
1219
832
1000
853
1125
1125
1200
853
1026
1026
845
1060
1258
1258
883
967
871
871
1075
1229
903
976
976
890
991
1265
1265
976
909
910
910
1003
1241
976
976
911
952
936
1237
1237
1063
856
957
957
936
1235
1062
1062
859
1014
876
876
1164
1170
821
982
982
875
1214
1116
1116
841
1053
839
839
1093
1251
836
986
986
855
1157
1175
1175
853
1034
843
843
1044
1278
882
882
962
865
1091
1209
904
904
997
883
883
991
1259
980
980
907
900
1012
1012
1249
961
925
956
956
926
1205
1096
1096
853
946
936
936
1252
1038
866
866
1016
872
1163
1176
1176
826
972
877
877
1217
1111
839
839
1055
836
1102
1102
1249
825
986
852
852
1163
1176
845
845
1043
844
1044
1044
1280
885
960
960
859
1097
1217
893
893
997
882
993
993
1258
976
912
912
897
1019
1240
1240
960
935
949
931
931
1214
1082
855
855
947
949
1247
1247
1017
884
1015
873
873
1154
1181
817
817
982
881
1222
1222
1108
836
1049
1049
836
1127
1219
835
835
986
856
1156
1156
1179
843
1040
1040
840
1072
1254
1254
862
976
862
1088
1088
1228
886
991
991
882
998
1262
1262
961
918
903
903
1019
1238
962
935
935
927
952
1249
1249
1035
874
957
957
937
1227
1056
1056
869
997
890
1203
1203
1125
832
1003
1003
882
1196
1131
1131
840
1029
849
849
1152
1185
834
1017
1017
847
1145
1195
1195
834
1032
845
845
1085
1237
856
856
990
862
1074
1235
1235
880
985
876
876
1034
1256
919
919
947
902
1009
1009
1257
955
922
933
933
962
1240
1026
1026
880
958
944
944
1241
1038
874
874
993
899
1213
1107
1107
838
998
884
884
1199
1127
835
835
1030
856
1158
1179
1179
822
1017
855
855
1156
1183
831
831
1032
846
1095
1095
1235
849
992
857
857
1091
1236
874
874
983
870
1045
1045
1252
911
952
952
894
1014
1256
952
952
921
922
981
981
1248
992
896
896
949
947
1247
1247
1037
870
976
919
919
1225
1087
839
839
997
894
1216
1216
1113
829
1016
1016
862
1190
1151
819
819
1021
851
1138
1138
832
832
1001
1001
852
1132
1210
1210
846
1016
847
1079
1079
1248
869
979
979
867
1050
1253
1253
906
958
892
892
1008
1251
955
926
926
912
988
1260
1260
976
907
954
954
942
1237
1040
1040
874
970
920
1243
1243
1059
854
1006
1006
887
1199
1130
1130
829
1002
875
875
1186
1146
827
1027
1027
849
1144
1202
1202
818
1010
858
858
1138
1197
838
838
1021
846
1072
1254
1254
862
981
863
863
1073
1235
892
892
975
884
1013
1269
1269
933
935
909
909
996
1252
977
977
914
936
951
951
1251
1029
871
965
965
930
1233
1059
1059
859
992
898
898
1211
1113
835
835
1009
875
1190
1140
1140
829
1017
858
858
1162
1176
826
826
1019
851
874
992
904
904
1217
1093
1093
848
992
894
1207
1207
1118
834
1025
1025
861
1156
1179
1179
825
1005
853
853
1171
1168
837
1035
1035
843
1092
1236
1236
852
992
853
853
1111
1207
873
873
1008
858
1047
1264
1264
901
955
891
891
1035
1249
935
935
946
905
983
983
1261
985
900
931
931
964
1250
1024
1024
874
975
918
918
1228
1080
856
856
984
903
1215
1108
1108
835
1015
870
870
1188
1149
829
829
1024
852
1148
1148
1196
831
1013
850
850
1145
1190
843
843
1029
842
1081
1081
1253
862
975
975
860
1079
1232
892
892
990
875
1013
1013
1263
946
932
932
900
1019
1245
1245
950
942
932
949
949
1230
1047
872
872
951
946
1242
1242
1033
876
999
892
892
1191
1135
829
829
984
890
1210
1210
1110
844
1034
1034
850
1137
1210
821
821
996
859
1168
1168
1174
834
1041
1041
843
1069
1262
1262
855
974
859
1100
1100
1223
871
996
996
874
1012
1272
930
930
933
890
890
1026
1249
949
932
932
928
953
1249
1249
1037
867
936
936
963
1255
1022
1022
881
996
893
1176
1176
1159
820
967
967
899
1235
1077
860
860
1027
850
850
1135
1222
808
999
999
852
1186
1152
1152
847
1041
839
839
1076
1266
845
845
978
853
1128
1200
1200
868
1021
862
862
1011
1266
955
955
920
889
1043
1043
1247
936
953
920
920
965
1246
1016
1016
888
935
967
967
1253
1013
890
985
985
897
1199
1123
1123
834
970
908
908
1239
1073
852
852
1034
848
1139
1206
1206
816
997
858
858
1193
1145
840
840
1042
841
1092
1092
1252
837
990
856
856
1109
1205
875
875
1007
861
1041
1041
1267
899
955
955
893
1033
1247
933
933
943
910
978
978
1247
1012
892
892
935
965
1254
1254
1017
880
985
907
907
1215
1104
846
846
972
908
1224
1224
1101
843
1025
1025
857
1159
1182
820
820
1003
858
1174
1174
1168
823
1045
1045
843
1089
1243
1243
852
981
856
1118
1118
1207
866
1017
1017
856
1043
1263
1263
897
959
884
884
1036
1255
922
955
955
975
975
1258
1258
990
896
932
932
985
1243
994
994
904
961
925
1220
1220
1093
842
977
977
910
1233
1079
1079
845
1018
866
1180
1180
1158
826
1002
1002
862
1179
1159
1159
831
1040
839
839
1120
1227
830
1003
1003
854
1125
1207
1207
848
1022
853
853
1051
1266
884
884
961
875
1063
1237
1237
914
959
900
900
991
1272
969
969
911
923
981
981
1248
1004
896
961
961
926
1241
1068
1068
853
970
920
920
1241
1068
857
857
1010
874
1169
1172
1172
818
997
866
866
1212
1121
836
836
1048
844
1112
1112
1240
815
1001
857
857
1128
1199
857
857
1017
851
1060
1060
1264
884
959
959
873
1071
1231
896
896
992
884
989
989
1257
987
901
901
904
1014
1241
1241
959
934
944
934
934
1226
1074
857
857
946
945
1243
1243
1039
873
1010
1010
877
1171
1169
811
811
984
874
1238
1238
1098
837
1054
1054
844
1091
1267
1267
818
984
853
1156
1156
1185
839
1030
1030
850
1061
1269
1269
865
969
868
1084
1084
1222
894
992
992
880
1006
1270
1270
947
927
902
902
1017
1256
954
924
924
943
940
1225
1225
1070
860
939
939
949
1253
1032
1032
870
1003
883
1192
1192
1143
826
992
992
881
1214
1119
1119
834
1049
840
840
1135
1218
810
1001
1001
855
1163
1177
843
843
1030
840
840
1077
1256
867
867
972
856
1109
1217
1217
881
998
870
870
1014
1280
937
937
928
885
1030
1030
1248
954
930
932
932
948
1241
1054
1054
861
939
956
956
1256
1024
874
874
1005
885
1172
1163
1163
823
974
891
891
1229
1094
837
837
1045
846
1127
1127
1226
810
993
859
859
1163
1174
841
841
1042
842
1068
1068
1263
863
971
858
858
1119
1206
874
874
1020
867
1010
1010
1268
944
928
928
883
1049
1244
937
937
937
928
951
951
1252
1035
879
879
927
963
1251
1251
880
880
989
898
898
1194
1135
827
827
966
903
1236
1236
1080
853
1029
1029
849
1122
1227
816
816
995
850
1195
1195
1143
845
1042
1042
838
1079
1261
1261
846
992
854
1105
1105
1214
882
1001
1001
864
1029
1270
1270
915
946
890
890
1032
1248
938
941
941
923
959
1254
1254
1022
879
938
938
962
1246
1017
1017
878
989
902
1214
1214
1115
832
975
975
898
1216
1112
1112
832
1028
854
1146
1146
1205
813
994
994
862
1185
1153
1153
848
1032
844
844
1075
1274
845
987
987
846
1127
1197
1197
885
1000
857
857
1032
1283
914
914
947
886
1031
1244
1244
951
934
910
910
972
1244
1011
1011
891
936
966
966
1245
1018
890
972
972
908
1220
1108
1108
836
987
894
894
1218
1105
847
847
1012
864
1169
1176
1176
820
1016
852
852
1149
1186
844
844
1018
843
1117
1117
1221
843
1005
846
846
1099
1227
864
864
996
860
1057
1057
1255
900
962
962
880
1025
1263
934
934
931
909
987
987
1260
986
899
899
934
959
1243
1243
1033
880
963
924
924
1228
1081
850
850
985
902
1212
1212
835
835
1013
871
871
1170
1165
826
826
1015
855
1152
1152
1189
828
1016
1016
848
1135
1202
843
843
1015
842
1089
1089
1250
853
994
1108
830
1043
847
847
1135
1212
824
824
986
858
1184
1160
1160
834
1045
839
839
1079
1272
850
850
972
854
1112
1112
1215
874
1006
866
866
1013
1282
928
928
931
885
1047
1047
1249
926
952
952
922
944
1245
1050
1050
866
929
962
962
1264
1003
879
879
992
897
1207
1207
1129
826
966
903
903
1239
1087
844
844
1034
849
1148
1148
1211
811
992
992
1201
1201
1154
833
833
1051
841
1064
1064
1281
852
969
969
853
1119
1213
1213
866
1009
864
1024
1024
1272
917
937
937
879
1048
1249
1249
927
952
916
964
964
1257
1013
883
883
921
979
1262
1262
1000
888
979
979
901
1190
1142
826
826
962
906
1240
1240
1083
849
1019
1019
862
1157
1193
1193
820
998
859
1184
1184
1160
834
1050
1050
836
1084
1256
1256
845
977
854
854
1131
1205
860
1028
1028
855
1017
1278
1278
925
937
878
878
1059
1239
923
923
962
910
973
1259
1259
996
898
922
922
976
1251
1002
1002
889
980
907
907
1223
1103
835
966
966
916
1234
1085
1085
845
1020
865
865
1153
1187
826
826
986
862
1189
1153
1153
836
1045
837
837
1109
1239
833
833
1002
845
1107
1224
1224
858
1008
854
854
1047
1267
898
898
947
886
1047
1047
1243
926
952
903
903
981
1262
994
994
894
928
974
974
1252
1001
892
892
969
920
1227
1083
1083
847
967
916
916
1234
1085
847
847
1014
870
1171
1171
1176
816
992
872
872
1192
1155
824
824
1040
845
1105
1105
1242
833
987
987
1141
1141
1198
849
849
1020
849
1043
1043
1283
890
952
952
871
1067
1239
1239
911
967
897
982
982
1265
990
896
896
906
999
1251
1251
984
911
952
952
923
1211
1105
843
843
958
925
1245
889
889
997
1262
972
972
907
909
995
995
1252
979
911
911
948
939
1232
1061
1061
865
960
928
928
1230
1076
848
848
1005
886
1194
1137
1137
830
998
877
877
1200
1142
825
825
1036
849
1124
1124
1227
826
995
858
858
1135
1207
841
841
1018
849
1069
1069
1261
865
969
969
869
1064
1243
904
904
966
880
1011
1011
1275
939
924
924
910
996
1259
1259
975
908
937
949
949
1243
1046
865
865
963
931
1243
1243
1059
856
995
995
894
1201
1134
826
826
998
882
1191
1191
1151
823
1028
1028
854
1153
1196
1196
821
1017
855
1128
1128
1211
836
1007
1007
853
1085
1244
1244
861
985
861
861
1068
1246
886
970
970
883
1022
1272
1272
925
933
906
906
988
1264
983
898
898
933
966
1250
1250
1015
879
960
960
933
1242
1066
1066
849
979
909
1224
1224
1105
832
1006
1006
881
1189
1160
817
817
1005
867
867
1172
1170
828
1025
1025
850
1122
1213
1213
843
1005
847
847
1121
1216
853
853
1013
848
1066
1260
1260
880
954
878
878
1053
1244
929
929
947
895
998
998
1259
980
898
918
918
990
1255
993
993
901
950
934
934
1227
1079
850
850
972
919
1234
1074
1074
853
1004
880
880
1187
1151
829
829
998
865
1181
1181
1166
827
1030
842
842
1130
1215
836
836
999
849
1112
1112
1226
846
1009
851
851
1060
1261
883
883
960
871
1057
1057
1247
908
961
961
892
1003
1267
970
907
907
910
993
993
1251
995
901
901
940
943
1235
1235
1069
854
957
928
928
1237
1077
850
850
1004
885
1177
1177
1165
824
993
993
873
1190
1145
839
839
1029
843
1134
1134
1202
843
1010
1010
845
1119
1215
1215
845
1020
844
1073
1073
1250
877
968
968
866
1056
1259
1259
898
956
890
890
1005
1258
976
902
902
907
996
1260
1260
987
901
944
944
942
1234
1057
864
864
962
932
1233
1233
1075
848
1001
1001
889
1201
1140
1140
823
998
872
1187
1187
1156
817
1025
1025
852
1133
1220
1220
827
994
856
856
1136
1198
865
998
998
850
1080
1259
1259
865
985
863
863
1050
1248
916
916
948
885
1032
1254
1254
936
939
904
904
990
1250
1004
1004
893
927
960
960
1241
1038
869
969
969
928
1233
1077
1077
850
985
902
902
1218
1124
826
826
1006
875
1174
1174
1174
824
997
865
865
1173
1178
823
823
1015
848
1121
1231
1231
845
984
851
851
1103
1237
872
872
983
857
1063
1063
1256
898
957
875
875
1035
1264
928
928
937
904
992
992
1261
986
889
889
930
972
1256
1011
1011
879
963
927
927
1236
1087
841
841
968
914
1221
1221
1110
842
999
876
876
1185
1155
819
819
1016
855
1173
1173
1174
827
1014
1014
852
1120
1224
832
832
998
850
1114
1114
1222
862
990
990
854
1074
1249
1249
883
970
874
1040
1040
1253
922
942
942
897
1005
1266
1266
963
915
922
922
976
1251
1015
877
877
955
943
1243
1243
1052
861
987
987
909
1222
1107
833
833
996
889
1208
1208
1132
824
1018
1018
861
1151
1193
1193
831
994
858
1159
1159
1186
833
1028
1028
845
1092
1251
1251
850
979
860
1088
1088
1230
883
981
981
871
1042
1258
1258
912
942
892
892
1027
1259
943
943
925
918
975
1250
1250
1013
880
942
942
956
1247
1041
1041
862
972
919
1229
1229
1089
846
993
993
892
1198
1142
1142
822
1006
867
867
1186
1154
832
832
1012
855
1160
1184
1184
832
1021
847
847
1097
1244
847
847
989
856
1097
1097
1226
877
980
864
864
1054
1263
896
896
960
886
1022
1022
1257
942
932
932
908
992
1266
977
977
895
942
957
957
1258
1021
870
870
970
924
1228
1091
1091
841
976
907
907
1230
1103
834
834
1016
868
1169
1169
1183
817
995
863
863
1169
1176
831
831
1027
843
1115
1115
1237
839
996
996
849
1105
1231
861
861
996
854
1049
1049
1265
897
956
956
878
1041
1252
1252
927
941
906
989
989
1271
977
900
900
927
967
1251
1251
1025
877
960
960
929
1235
1072
850
850
985
907
1220
1220
1107
836
1011
1011
873
1186
1151
1151
831
1016
858
1167
1167
1176
829
1026
1026
843
1144
1202
1202
843
1015
844
844
1106
1235
852
1002
1002
848
1084
1243
1243
879
974
869
869
1043
1264
918
918
936
893
1010
1256
1256
966
916
916
916
974
1246
1021
1021
875
945
952
952
1250
1032
870
986
986
904
1203
1123
1123
835
988
894
894
1221
1111
832
1028
1028
854
1157
1193
1193
819
1003
855
855
1149
1191
837
837
1018
846
1100
1237
1237
851
988
850
850
1099
1227
875
875
988
854
1047
1047
1267
907
953
887
887
1029
1255
940
940
929
908
987
987
1264
988
900
900
932
956
1244
1042
1042
865
969
924
924
1232
1083
843
843
988
899
1216
1216
1119
830
1014
868
868
1167
1179
831
831
997
855
1175
1175
1174
826
1041
1041
838
1110
1236
850
850
982
850
1108
1108
1234
857
1004
1004
851
1051
1265
1265
900
956
876
1045
1045
1260
918
947
947
901
987
1258
1258
994
893
926
926
975
1254
1007
872
872
993
930
1231
1231
1056
845
984
984
907
1235
1097
830
830
1012
877
1176
1176
1164
996
996
996
865
1181
1164
1164
851
1015
843
1091
1091
1244
845
1001
1001
843
1125
1199
1199
867
1013
844
844
1062
1265
892
960
960
878
1043
1247
1247
923
945
900
900
994
1262
978
978
900
919
982
1255
1255
1008
890
951
951
933
1231
1087
1087
831
974
937
937
1265
1033
840
1020
1020
867
1169
1212
1212
798
986
865
1161
1161
1197
810
810
1002
856
1167
1180
1180
847
1025
845
845
1079
1259
844
844
988
852
1093
1093
1232
879
988
870
870
1030
1274
919
919
939
886
1039
1249
1249
942
936
936
914
966
1250
1035
1035
871
928
967
967
1252
1024
879
879
984
905
1205
1129
1129
834
976
901
901
1217
1107
843
843
1020
860
1155
1155
1201
813
1002
857
857
1179
1167
835
835
1036
839
1082
1082
1269
845
980
980
850
1120
1214
876
876
1003
855
1037
1037
1273
917
941
941
878
1047
1243
1243
941
941
907
977
977
1263
1000
889
889
927
954
1253
1253
1070
859
958
958
932
1195
1108
857
857
997
889
1221
1221
1120
835
1006
1006
869
1163
1173
1173
832
995
861
1190
1190
1168
819
1039
1039
839
1102
1244
1244
845
981
850
850
1126
1216
850
1151
821
1002
866
866
1198
1147
818
818
1037
851
1138
1138
1207
816
1010
1010
848
1135
1221
837
837
1002
855
1079
1079
1249
877
968
968
866
1060
1253
1253
907
966
888
1006
1006
1260
957
917
917
909
1001
1258
1258
984
906
933
933
946
1232
1086
859
859
952
935
1228
1228
1074
859
1006
1006
884
1202
1143
826
826
988
879
1175
1175
1168
823
1019
1019
850
1163
1195
1195
825
1012
847
1121
1121
1219
849
999
999
844
1242
1242
1242
874
987
850
850
1063
1254
896
966
966
881
1028
1264
1264
931
939
825
825
1053
836
1073
1073
1283
853
971
971
851
1089
1234
882
882
987
867
1039
1039
1269
907
948
948
881
1021
1247
1247
966
921
916
979
979
1257
998
889
889
944
951
1231
1231
1061
860
967
967
922
1237
1065
852
852
1030
874
1168
1168
1151
818
990
990
883
1216
1114
1114
841
1037
845
1108
1108
1240
838
975
975
855
1141
1207
1207
851
1022
837
837
1063
1258
891
956
956
859
1085
1239
1239
880
985
874
874
1023
1269
954
954
915
885
1014
1271
1271
973
894
941
941
958
1250
1040
1040
866
958
935
935
1234
1083
843
1000
1000
896
1217
1108
1108
835
1006
879
879
1182
1142
846
846
1047
844
1110
1214
1214
829
1005
856
856
1166
1167
855
855
1041
834
1061
1061
1279
884
957
856
856
1086
1242
903
903
968
872
1015
1015
1265
961
911
911
893
1030
1252
961
961
928
919
959
959
1240
1057
860
860
939
950
1261
1032
1032
861
996
896
896
1196
1138
823
823
978
893
1213
1213
1120
832
1035
848
848
1136
1214
820
820
990
857
1182
1182
1163
834
1047
1047
835
1070
1274
839
839
989
868
1132
1132
1196
862
996
996
870
1034
1294
1294
900
939
881
1031
1031
1250
958
918
918
922
964
1257
1257
1025
879
951
951
942
1225
1061
864
864
982
911
1208
1208
1117
842
988
988
887
1209
1132
1132
824
1015
858
1164
1164
1191
822
1003
1003
855
1159
1198
1198
834
1014
841
841
1107
1224
865
1016
1016
841
1067
1254
1254
870
977
870
870
1061
1240
908
908
968
880
1004
1261
1261
973
908
897
897
1007
1261
983
983
909
937
938
938
1200
1111
851
941
941
939
1237
1077
1077
847
1003
886
886
1192
1147
828
828
997
874
1180
1159
1159
836
1010
853
853
1152
1197
825
825
1018
849
1109
1237
1237
843
991
855
855
1088
1244
853
853
996
878
1062
1062
1243
882
954
885
885
1050
1264
914
914
937
904
992
1258
1258
989
895
895
928
970
1258
1019
1019
880
967
920
920
1212
1103
849
849
963
913
1225
1225
1105
840
1026
861
861
1162
1180
823
823
995
865
1172
1172
1172
829
1031
1031
844
1106
1247
830
830
993
850
1111
1111
1227
859
999
999
854
1054
1260
1260
879
985
880
1021
1021
1265
914
940
940
907
1010
1254
1254
964
916
926
926
970
1247
1020
880
880
951
942
1233
1233
1076
853
975
975
905
1197
1134
1134
827
990
889
1214
1214
1121
838
1024
1024
854
1121
1231
1231
817
990
861
1163
1163
1182
837
1031
1031
844
1081
1268
1268
852
966
860
860
1091
1239
876
970
970
875
1049
1268
1268
903
929
884
884
1022
1280
969
969
897
914
982
1258
1258
997
895
952
952
941
1247
1053
1053
862
981
916
916
1240
1067
846
1012
1012
883
1189
1153
1153
820
994
871
871
1190
1154
825
825
1030
850
1124
1230
1230
823
995
857
857
1211
1211
865
865
999
847
1079
1079
1256
859
992
878
878
1053
1247
879
879
970
888
1017
1017
1277
936
922
922
913
986
1253
999
999
889
936
957
957
1253
1038
869
869
968
918
1192
1192
1129
844
969
906
906
1209
1125
850
850
1010
865
1139
1139
1196
823
1007
1007
856
1159
1183
838
838
1028
846
1100
1100
1249
836
987
987
852
1119
1228
859
859
997
857
1037
1037
1279
907
946
946
879
1016
1288
1288
959
909
895
991
991
1247
1008
910
910
925
952
1251
1251
1045
869
949
949
939
1233
1073
847
847
985
907
1242
890
890
1021
1261
952
952
911
910
1007
1007
1280
959
902
902
928
949
1231
1106
1106
827
955
931
931
1249
1075
838
838
993
901
1213
1213
1127
823
1027
866
866
1162
1171
823
823
1003
861
1174
1174
1180
824
1032
1032
842
1108
1241
832
832
997
853
1087
1087
1244
873
977
977
860
1059
1262
1262
897
962
879
1022
1022
1269
948
921
921
903
989
1265
1265
992
898
929
929
959
1243
1038
869
869
958
933
1243
1243
1071
851
985
985
903
1206
1128
1128
998
998
879
1192
1192
1150
822
1022
1022
853
1151
1202
1202
823
1006
856
856
1121
1222
837
1004
1004
847
1087
1251
1251
870
969
858
858
1082
1249
881
881
982
869
1021
1271
1271
944
926
892
892
1016
1262
957
957
912
924
967
1251
1251
1031
872
943
943
953
1237
1045
1045
875
969
910
910
1209
1132
826
984
984
890
1213
1127
1127
836
1019
859
859
1127
1226
821
821
984
863
1158
1180
1180
850
1022
843
843
1086
1256
853
853
972
855
1090
1090
1236
884
980
865
865
1033
1267
924
924
937
884
1023
1023
1262
944
937
937
905
974
1244
1036
1036
876
933
960
960
1250
1032
876
876
972
912
1207
1207
1126
832
967
903
903
1227
1104
850
850
1014
863
1142
1142
1210
818
987
987
861
1182
1168
837
837
1037
841
1075
1075
1272
855
968
968
851
1114
1220
1220
871
998
854
1036
1036
1280
905
948
948
880
1032
1260
1260
942
934
905
905
987
1259
997
895
895
923
968
1253
1253
1023
877
958
958
930
1224
1087
1087
848
980
905
1226
1226
1100
840
1016
1016
869
1168
1180
1180
815
1001
861
1167
1167
1180
837
1012
1012
850
1120
1231
1231
833
1000
849
849
1112
1228
855
997
997
851
1048
1277
1277
908
941
873
873
1058
1250
925
925
954
889
1001
1259
1259
986
907
911
911
983
1254
1010
1010
881
958
932
932
1239
1067
855
968
968
922
1230
1096
1096
834
1002
879
879
1188
1156
825
825
1004
864
1178
1171
1171
827
1021
846
846
1134
1219
833
833
1000
852
1107
1107
1231
857
996
849
849
1081
1252
877
877
966
867
1057
1057
1258
901
960
960
885
1007
1270
967
967
911
911
991
991
1254
988
904
904
930
956
1246
1246
1054
857
969
919
919
1209
1141
862
862
947
906
1119
1119
1194
847
984
984
869
1180
1163
830
830
1021
847
1112
1112
1242
839
975
975
852
1163
1203
830
830
1011
845
1070
1070
1273
875
958
958
860
1065
1258
1258
904
956
878
1024
1024
1268
939
925
925
897
994
1267
1267
989
897
934
934
961
1245
1036
868
868
959
933
1243
1243
1067
848
987
987
903
1215
1126
1126
827
993
884
1177
1177
1167
827
1012
1012
861
1156
1193
1193
832
1006
849
849
1136
1220
833
1012
1012
848
1084
1250
1250
866
980
858
858
1072
1252
890
890
972
870
1030
1268
1268
937
927
891
891
1015
1253
976
976
915
918
964
964
1259
1023
877
949
949
942
1244
1054
1054
865
961
915
915
1218
1120
830
830
997
885
1207
1131
1131
837
1006
864
864
1153
1203
823
823
999
856
1143
1143
1194
855
1001
845
845
1110
1236
853
853
996
845
1089
1089
1248
868
990
865
865
1036
1271
919
919
937
887
1023
1023
1258
953
924
924
910
980
1257
1010
1010
888
940
953
953
1236
1056
870
870
963
918
1216
1216
1123
844
973
896
896
1183
1152
836
836
1004
870
1167
1167
1174
827
1012
1012
849
1141
1219
826
826
994
854
1149
1149
1205
834
1014
1014
848
1066
1267
1267
889
952
863
1073
1073
1249
895
978
978
874
1009
1272
1272
955
920
901
901
997
1260
985
905
905
934
948
1251
1046
1046
861
958
958
939
1248
1059
1059
853
993
897
1191
1191
1148
825
978
978
889
1209
1136
1136
829
1023
855
855
1148
1207
832
986
986
853
1156
1195
1195
845
1023
841
841
1079
1262
867
867
961
859
1081
1250
1250
879
981
869
869
1012
1270
957
957
916
889
1017
1260
1260
970
913
922
922
968
1249
1029
1029
881
942
944
944
857
1039
1282
1282
906
939
882
1029
1029
1259
945
935
935
898
985
1259
1259
1007
880
919
919
975
1259
1014
886
886
961
923
1214
1214
1113
837
967
967
912
1223
1105
1105
844
999
873
1167
1167
1179
822
998
998
857
1152
1196
1196
839
1008
846
846
1119
1237
846
991
991
847
1090
1252
1252
877
966
855
855
1068
1249
905
905
967
865
1028
1268
1268
939
925
893
893
1015
1263
963
963
919
920
964
964
1247
1046
861
942
942
948
1246
1059
1059
863
972
903
903
1205
1133
836
836
983
882
1193
1149
1149
843
1004
855
855
1149
1203
834
834
1001
845
1141
1201
1201
845
1022
834
834
1079
1256
869
869
981
846
1082
1082
1243
891
974
864
864
1036
1262
941
941
930
881
1021
1021
1260
975
909
909
913
978
1243
1029
1029
878
932
957
957
1245
1053
868
868
965
912
1199
1199
1134
842
973
896
896
1210
1122
837
837
1016
857
1147
1147
1202
824
995
995
856
1155
1199
825
825
1023
842
1096
1096
1257
844
980
980
847
1101
1238
1238
874
988
858
1028
1028
1277
935
921
921
877
1049
1250
1250
935
951
899
899
974
1253
1038
867
867
921
965
1257
1257
1041
868
958
958
921
1224
1106
1106
838
969
908
1217
1217
1121
837
1005
1005
869
1150
1197
1197
823
993
862
862
1172
1173
841
1018
1018
848
1094
1256
1256
842
981
850
850
1097
1235
874
991
991
851
1055
1265
1265
909
948
869
869
1045
941
941
941
938
891
994
1253
1253
1002
897
914
914
974
1245
1024
1024
886
946
937
937
1230
1081
856
964
964
919
1214
1108
1108
848
995
884
884
1174
1167
826
826
994
865
1173
1174
1174
829
1021
846
846
1107
1248
838
838
984
850
1125
1125
1213
862
1003
845
845
1058
1280
889
889
951
867
1056
1056
1249
926
948
888
888
1004
1266
979
979
904
907
988
988
1255
1004
894
894
944
944
1227
1227
1076
860
955
925
925
1231
1093
845
845
992
886
1189
1189
1158
830
992
992
871
1175
1175
834
834
1014
847
1135
1135
1212
842
992
992
844
1120
1235
1235
854
988
850
1077
1077
1247
886
968
968
860
1061
1253
1253
910
959
878
1024
1024
1262
954
925
925
900
999
1251
1251
997
895
924
924
960
1247
1049
863
863
961
928
1233
1233
1084
851
977
977
900
1184
1155
1155
830
991
876
1178
1178
1164
828
1012
1012
849
1146
1212
1212
833
1003
850
850
1110
1234
848
992
992
848
1083
1252
1252
874
972
851
851
1064
1256
904
904
956
870
1022
1267
1267
960
915
898
898
1000
1255
987
987
905
929
962
962
1241
1044
870
958
958
936
1237
1071
1071
862
976
906
906
1184
1155
822
822
980
886
1211
1127
1127
845
1008
856
856
1125
1232
830
830
984
849
1160
1189
1189
846
1019
839
839
1075
1272
866
866
961
854
1076
1076
1262
884
968
873
873
1018
1276
948
948
915
891
1017
1017
1266
964
919
919
919
961
1233
1063
1063
862
940
946
946
1249
1052
864
864
979
902
1200
1200
1137
835
980
890
890
1191
1147
852
852
985
866
1156
1156
1193
828
1014
1014
845
1137
1217
842
842
1007
846
1084
1084
1258
872
966
966
849
1091
1240
1240
887
981
865
1023
1023
1282
933
926
926
886
1019
1258
1258
965
919
907
974
974
1254
1025
879
879
942
954
1245
1245
1048
873
969
969
911
1192
1142
833
833
977
896
1206
1206
1127
840
1008
1008
865
1142
1208
1208
827
989
860
1141
1141
1202
848
1008
1008
848
1100
1241
1241
854
992
846
846
1082
1252
877
974
974
863
1039
1258
1258
934
936
878
878
1019
1270
965
965
916
907
995
1252
1252
997
903
925
925
963
1232
1059
1059
865
953
934
934
1227
1088
853
981
981
899
1193
1143
1143
829
997
873
873
1163
1178
836
836
1000
858
1139
1205
1205
832
1007
849
849
1119
1229
843
843
847
847
1079
1079
1252
873
982
848
848
1063
1257
902
902
955
872
1038
1038
1266
934
932
932
891
1006
1261
986
986
900
917
976
976
1247
1028
873
873
945
943
1242
1242
1069
854
973
908
908
1204
1131
836
836
989
888
1188
1188
1151
831
1007
1007
861
1162
1182
825
825
1018
847
1125
1125
1222
848
992
992
846
1106
1240
856
856
997
844
1070
1070
1256
893
962
962
862
1040
1262
1262
943
933
883
1021
1021
1255
970
919
919
908
986
1246
1246
1016
890
933
933
954
1232
1061
871
871
961
924
1214
1214
1108
841
979
979
900
1200
1138
1138
834
1004
866
1153
1153
1191
825
1008
1008
853
1144
1204
1204
839
1007
847
847
1113
1232
845
997
997
849
1073
1259
1259
890
956
860
860
1067
1249
914
914
961
872
1027
1268
1268
953
924
896
896
1001
1253
1002
1002
894
925
966
966
1250
1031
875
954
954
938
1225
1084
1084
856
967
912
912
1194
1143
833
833
991
877
1181
1158
1158
836
1009
856
856
1143
1202
841
841
994
853
1120
1120
1221
856
1000
842
842
1090
1245
871
871
985
852
1061
1061
1261
902
954
954
874
1031
1259
940
940
933
894
1006
1006
1256
976
910
910
918
983
1253
1010
1010
882
952
938
938
1230
1085
857
857
956
924
1232
1093
1093
843
1003
879
879
1177
1165
828
828
994
866
1150
1150
1197
834
1006
1006
849
1135
1211
842
842
1005
845
1104
1104
1238
856
997
997
847
1070
1260
1260
887
966
867
1049
1049
1254
926
944
944
880
1023
1258
1258
959
927
901
901
986
1246
1029
877
877
935
961
1247
1247
1039
879
957
957
924
1213
1115
1115
838
969
906
1208
1208
1125
840
1001
1001
873
1155
1195
1195
823
987
863
863
1166
1185
841
1007
1007
848
1102
1246
1246
858
976
847
847
1111
1225
880
880
991
845
1057
1268
919
919
941
870
870
1040
1260
941
941
940
887
1001
1001
1256
1004
896
910
910
979
1248
1033
1033
883
940
939
939
1224
1089
855
855
969
911
1212
1109
1109
844
991
883
883
1188
1156
829
829
1012
858
1143
1143
1209
837
992
854
854
1135
1209
843
843
1005
841
1095
1095
1243
869
983
850
850
1073
1258
900
900
958
861
1052
1052
1251
940
935
935
877
1024
1264
974
974
916
905
981
981
1241
1039
875
875
934
956
1242
1242
1052
866
962
924
924
1215
1107
845
845
982
894
1174
1174
1166
831
992
992
869
1173
1171
835
835
1008
853
1129
1129
1225
832
995
995
850
1108
1233
1233
861
986
848
1080
1080
1255
882
971
971
855
1057
1256
1256
918
949
876
876
1020
1269
965
915
915
899
992
1255
1255
1007
896
924
924
961
1232
1062
1062
866
945
936
1228
1228
1087
856
977
977
898
1191
1143
1143
834
989
878
878
1183
1156
832
1015
1015
853
1131
1221
1221
835
989
854
854
1142
1198
860
860
1006
843
1077
1262
1262
874
974
855
855
1064
1252
911
911
957
869
1028
1028
944
944
930
893
893
1004
1258
993
993
904
913
976
976
1242
1038
879
1255
878
969
857
857
1056
1255
920
946
946
872
1031
1265
1265
955
922
897
999
999
1255
991
991
908
921
957
1231
1231
1065
858
949
949
938
1243
1068
1068
867
977
900
1180
1180
1156
826
983
983
883
1184
1154
1154
835
1013
855
855
1133
1218
830
992
992
852
1143
1202
1202
849
1009
841
841
1073
1266
873
873
969
855
1072
1248
1248
899
967
870
870
1029
1267
947
947
925
891
1008
1008
1254
988
903
918
918
972
1248
1032
1032
877
946
943
943
1240
1071
859
859
971
911
1197
1133
1133
843
977
889
889
1195
1147
836
836
1010
852
1154
1154
1198
837
1002
849
849
1121
1226
846
846
1000
846
1096
1096
1242
864
985
985
848
1081
1252
891
891
964
860
1041
1041
1266
931
938
938
887
1021
1249
1249
977
912
900
994
994
1261
1001
902
902
940
942
1226
1226
1078
866
957
957
924
1223
1104
841
841
986
888
1184
1184
1156
832
997
997
869
1158
1188
836
836
1001
855
1136
1136
1214
835
1004
1004
847
1110
1235
1235
856
986
846
1079
1079
1252
878
979
979
858
1046
1264
1264
920
940
881
881
1026
1262
952
930
930
900
989
1244
1244
1019
884
931
931
966
1249
1028
1028
878
963
928
1218
1218
1098
843
974
974
908
1212
1125
1125
833
1007
870
870
1170
1174
828
1001
1001
859
1150
1202
1202
832
1011
850
850
1102
1243
848
848
975
857
1105
1212
1212
892
979
846
846
1064
1259
920
920
938
869
1047
1047
1253
946
948
883
883
1002
1248
1004
1004
898
914
981
981
1246
1030
877
877
942
942
1232
1078
1078
860
970
911
911
1213
1118
846
846
991
882
1177
1177
1159
840
996
864
864
1141
1209
834
834
1004
851
1133
1133
1208
846
1004
844
844
1090
1249
863
863
987
850
1073
1073
1242
909
956
956
862
1060
1256
916
916
959
880
1011
1011
1260
977
913
913
904
985
1252
1252
1022
878
939
949
949
1239
1068
854
854
967
919
1219
1219
1104
845
986
986
894
1182
1154
835
835
998
872
1159
1159
1185
830
1001
1001
852
1149
1201
1201
839
1004
850
1092
1092
1247
866
979
979
846
1090
1240
1240
889
971
859
859
1056
1255
920
954
954
872
1019
1259
1259
977
906
901
901
998
1252
998
998
904
928
956
1233
1233
1065
860
957
957
929
1219
1100
1100
846
989
894
894
1200
1132
834
997
997
877
1181
1159
1159
833
1010
857
857
1138
1213
839
997
997
850
1119
1223
1223
851
997
843
843
1090
1250
872
872
981
856
1053
1263
1263
921
943
876
876
1042
1253
942
942
940
887
1002
1002
1249
1001
897
919
919
973
1241
1040
1040
872
954
933
933
1224
1092
852
852
975
909
1208
1123
1123
842
990
883
883
1163
1174
832
832
996
862
1156
1156
1184
834
1014
847
847
1118
1233
845
845
989
847
1103
1103
1235
868
990
990
850
1069
1255
901
901
955
861
1046
1046
1265
932
939
939
884
1005
1258
1258
994
896
909
986
986
1242
1026
891
891
928
953
1228
1228
1082
856
961
961
922
1211
1115
848
848
984
887
1182
1182
1154
832
998
998
868
1163
1179
836
836
1004
851
1126
1126
1223
842
994
994
846
1113
1229
1229
860
995
846
1075
1075
1263
889
962
962
1054
1054
1254
1254
922
958
876
876
1023
1258
969
909
909
900
1002
1257
1257
1000
902
928
928
955
1230
1076
1076
860
953
931
1223
1223
1091
856
978
978
901
1181
1157
1157
833
988
877
877
1173
1164
839
1008
1008
852
1132
1214
1214
837
997
852
852
1124
1225
848
848
1008
845
1070
1263
1263
890
954
860
860
1070
1245
910
910
962
871
1034
1034
1262
946
934
889
889
999
1252
1001
1001
891
924
967
967
1245
1038
875
875
949
938
1227
1084
1084
855
971
911
911
1189
1141
834
834
987
884
1190
1190
1147
837
1010
857
857
1137
1208
833
833
998
854
1125
1125
1219
849
1004
843
843
1092
1245
868
868
982
849
1074
1074
1259
891
968
968
866
1030
1269
945
945
926
884
1016
1016
1255
980
913
913
903
985
1242
1242
1031
886
933
955
955
1226
1077
863
863
961
923
1218
1218
1099
855
988
988
891
1178
1158
834
834
995
869
1152
1152
1192
832
1006
1006
853
1130
1213
1213
843
996
849
1106
1106
1242
853
992
992
845
1076
1252
1252
900
964
860
860
1055
1265
919
947
947
1030
1030
1260
1260
960
924
899
899
989
1250
1020
1020
889
925
963
1236
1236
1056
874
948
948
936
1228
1086
1086
852
982
899
899
1176
1161
831
987
987
876
1185
1159
1159
841
1007
854
854
1127
1230
836
991
991
851
1113
1227
1227
864
985
847
847
1087
1245
876
876
990
850
1059
1258
1258
904
960
871
871
1025
1264
955
955
921
901
998
998
1257
994
898
922
922
966
1244
1046
1046
873
950
939
939
1212
1096
861
861
971
912
1198
1123
1123
843
995
883
883
1169
1170
828
828
1003
866
1147
1147
1198
832
1007
853
853
1121
1224
842
842
998
845
1091
1091
1248
872
977
977
852
1056
1262
907
907
953
869
1041
1041
1259
935
939
939
888
1011
1260
1260
978
913
910
983
983
1241
1027
880
880
946
948
1235
1235
1066
862
965
965
921
1205
1124
839
839
982
889
1176
1176
1161
833
993
993
867
1159
1182
837
837
1001
852
1137
1137
1211
848
996
996
844
1118
1222
1222
872
997
839
1082
1082
1257
896
965
965
856
1062
1253
1253
919
960
874
874
1018
1246
986
915
915
895
1001
1247
1247
1017
892
931
931
965
1234
1042
1042
891
947
933
1201
1201
1115
845
966
966
905
1212
1118
1118
850
998
870
870
1156
1186
829
995
995
860
1146
1202
1202
844
1000
850
850
1112
1232
851
851
992
845
1092
1248
1248
878
973
853
853
1060
1254
912
912
956
870
1035
1035
1258
958
919
893
893
1014
1256
983
983
912
915
968
968
1235
1058
868
868
941
945
1230
1077
1077
859
971
910
910
1195
1137
836
836
985
883
1164
1167
1167
840
995
863
863
1144
1195
840
840
1000
854
1120
1120
1225
844
999
847
847
1082
1257
875
875
973
852
1075
1075
1245
902
965
965
862
1041
1266
935
935
936
883
1011
1011
1252
995
902
902
912
984
1247
1247
896
896
929
952
952
1233
1071
862
862
964
918
1207
1207
1123
843
984
984
891
1187
1141
818
818
1069
899
1006
1006
1139
937
1061
1061
1004
878
1117
1117
1008
939
1120
933
933
975
1084
924
924
1043
1042
942
942
1049
996
966
966
1057
984
993
1030
1030
972
1028
1012
1012
985
1027
989
989
1006
1019
987
1018
1018
999
1000
1014
1014
997
1009
1002
1002
1005
1003
1001
1001
1012
1001
1006
1005
1005
1003
1007
1004
1004
1005
1005
1003
1003
1005
1003
1008
1008
1004
1007
1005
1005
1005
1008
1004
1006
1006
1006
1006
1007
1007
1002
1005
1004
1004
1007
1007
1005
1007
1007
1003
1007
1006
1006
1002
1006
1004
1004
1009
1003
1007
1007
1007
1003
1007
1005
1005
1009
1005
1003
1003
1010
1004
1004
1004
1008
1003
1007
1007
1007
1004
1004
1006
1006
1004
1007
1005
1005
1001
1005
1007
1007
1004
1006
1003
1003
1003
1008
1007
1009
1009
1002
1008
1005
1005
1007
1009
1004
1004
1006
1006
1003
1003
1005
1005
1004
1006
1006
1005
1006
1005
1005
1006
1007
1007
1007
1004
1006
1004
1004
1007
1005
1002
1005
1005
1004
1006
1010
1010
1003
1008
1005
1005
1009
1009
1002
1004
1004
1007
1005
1007
1007
1004
1006
1006
1006
1007
1006
1006
1006
1009
1006
1004
1004
1004
1004
1004
1003
1003
1006
1006
1006
1006
1003
1008
1006
1006
1004
1004
1007
1007
1007
1007
1006
1005
1005
1003
1008
1007
1007
1003
1003
1007
1007
1007
1006
1008
1005
1005
1006
1006
1005
1005
1005
1002
1004
1004
1004
1005
1004
1004
1003
1004
1005
1005
1005
1004
1007
1007
1007
1005
1007
1008
1008
1004
1007
1007
1007
1003
1006
1005
1004
1004
1005
1008
1004
1004
1004
1005
1008
1008
1005
1007
1005
1005
1004
1005
1003
1005
1005
1005
1006
1007
1007
1004
1005
1006
1006
1008
1007
1005
1005
1004
1005
1004
1004
1004
1007
1004
1005
1005
1004
1006
1003
1003
1007
1006
1006
1006
1009
1006
1006
1004
1004
1005
1004
1006
1006
1002
1004
1005
1005
1005
1008
1007
1007
1004
1005
1002
1005
1005
1007
1006
1004
1004
1005
1007
1004
1004
1005
1005
1006
1007
1007
1006
1007
1004
1004
1005
1004
1005
1005
1005
1007
1004
1004
1004
1003
1005
1007
1007
1007
1005
1003
1003
1004
1005
1003
1003
1005
1005
1005
1006
1006
1004
1006
1003
1003
1002
1006
1006
1006
1004
1005
1006
1006
1004
1003
1008
1008
1007
1006
1006
1004
1004
1006
1007
1003
1003
1002
1005
1004
1004
1004
1004
1004
1004
1005
1005
1006
1005
1005
1007
1005
1003
1003
1008
1006
1007
1007
1006
1007
1006
1006
1007
1005
1004
1007
1007
1007
1006
1005
1005
1005
1005
1008
1008
1003
1013
999
1014
1014
997
1007
1024
1024
972
1009
1020
1020
992
1020
1018
1018
979
1023
1002
986
986
1038
981
1000
1000
1028
985
1019
1019
1007
1004
1015
1015
994
1005
1013
997
997
1012
1002
1009
1009
1009
999
1009
1009
1006
1002
1011
1011
1000
1007
1009
1001
1001
1008
1003
1010
1010
1006
997
1006
1006
1006
1021
989
989
1007
1018
993
1006
1006
1005
1003
1010
1010
997
989
1026
1026
996
1001
1010
1010
991
1030
980
1020
1020
1007
974
1060
1060
959
1018
1026
1026
957
1038
1006
1006
979
1041
980
996
996
1046
961
1022
1022
1028
971
1033
1033
1000
984
1035
983
983
1018
1007
992
992
1018
1004
1003
1003
1015
993
1013
1013
1011
999
1010
1001
1001
1009
1007
997
997
1006
1010
1002
1002
1004
1007
1007
1007
1006
1006
1006
1007
1007
1005
1012
1003
1003
1001
1024
913
913
1199
954
861
861
1057
1050
978
1029
1029
1033
934
1051
1051
989
1013
1037
1037
957
1030
1001
1001
986
1043
973
1019
1019
1008
991
1024
1024
1006
1000
1006
1006
1004
1010
1003
1003
1003
1004
1005
1005
1005
1009
1004
1008
1008
1010
999
1013
1013
1002
1007
1003
1003
997
1008
1002
1003
1003
1008
1007
1013
1013
999
998
1011
1011
1004
1003
1004
1007
1007
1006
1002
1013
1013
1005
1005
1007
1007
998
1007
1007
1007
1004
991
1013
1030
1030
972
1022
1001
1001
1007
998
1025
1025
982
1013
1014
1014
987
1025
999
999
998
997
1093
953
953
851
1104
1195
1195
829
992
1127
1127
942
999
1094
1094
913
1042
1054
872
872
1025
1183
846
846
1118
939
1004
1004
1023
1048
941
1036
1036
1010
1004
1034
1034
966
1005
1040
1040
982
997
1038
1038
980
1004
1023
1023
990
1018
1005
992
992
1010
1021
981
981
1031
995
997
997
1011
998
1015
1015
999
1001
1011
1007
1007
1008
1007
1002
1002
1008
1010
1000
1000
997
1011
1001
1001
1022
959
1022
1048
1048
975
1002
1024
1024
1017
969
1017
1017
1005
1001
1010
1010
1001
1003
1019
998
998
1018
981
1033
1033
1027
937
1041
1041
1039
925
1059
1050
1050
898
1073
1042
1042
903
1083
1036
1036
900
1083
1029
1029
893
1123
996
907
907
1113
982
920
920
1117
986
922
922
1122
933
1010
1010
1067
913
1047
1048
1048
930
1032
1063
1063
935
1003
1063
1063
965
999
1032
1032
995
992
1013
998
998
1015
1016
974
974
1035
1001
983
983
1023
1020
983
983
977
1065
999
941
941
1053
1047
935
935
1016
1070
946
946
982
1064
1000
1000
962
1051
1005
970
970
1019
1016
1003
1003
1005
992
1023
1023
1001
972
1026
1026
1024
970
1017
1052
1052
950
1040
1000
1000
992
996
1039
1039
999
975
1021
1021
1041
978
982
1071
1071
958
988
1067
1067
939
1041
1022
954
954
1063
962
1013
1013
1036
956
1063
1063
967
996
1045
1045
954
1037
994
994
1010
995
1038
969
969
1030
998
987
987
1058
933
1026
1026
1066
926
1039
1024
1024
972
1031
996
996
991
1016
1023
1023
972
1043
976
976
1022
1012
973
973
1049
977
1024
996
996
1003
1006
1004
1004
1020
979
1029
1029
984
1037
985
985
1017
999
996
1026
1026
991
1007
1005
1005
1010
990
1023
1023
998
1001
1017
1017
993
1006
1026
982
982
1015
1005
1000
1000
1009
1003
1001
1001
1004
1019
981
981
1016
1019
987
1020
1020
999
995
1022
1022
989
1017
988
988
1018
1002
1025
1025
979
1019
1033
947
947
1058
1008
952
952
1057
976
1020
1020
999
1000
1039
960
960
1037
1003
988
988
1011
1025
972
972
1021
1019
982
982
1027
984
998
1029
1029
1000
998
1024
1024
995
988
1019
1019
1017
996
997
997
1021
999
995
1039
1039
975
1008
1037
1037
965
1020
1015
1015
975
1043
988
988
993
1027
983
1017
1017
1013
985
1025
1025
991
1003
1019
1019
1008
1021
968
968
1002
1034
992
1009
1009
1019
974
1024
1024
1013
1003
1001
1001
984
1032
993
993
1002
1035
970
1016
1016
1039
967
1015
1015
1038
955
1037
1037
1008
974
1036
1036
986
1013
1001
998
998
1023
998
988
988
1040
1004
987
987
1001
1005
1026
1026
1016
996
1013
991
991
943
959
1465
1465
737
934
995
995
945
1280
841
841
933
1170
929
951
951
1117
957
973
973
1097
925
1024
1024
1058
942
1011
1031
1031
975
1022
1020
1020
978
1037
995
995
1004
1011
1001
1001
995
1014
1002
1011
1011
1005
1017
997
997
1010
998
1012
1012
998
1015
1002
1002
1008
1006
997
1010
1010
997
1010
1005
1005
1001
1015
996
996
1010
1010
999
999
1008
999
1005
1006
1006
1001
1013
998
998
1011
1005
1003
1003
1008
998
1007
1007
1004
1005
1011
1000
1000
1013
1001
1010
1010
1007
998
1009
1009
1001
1006
1005
1005
1003
1010
1000
1006
1006
1003
1006
1008
1008
1005
1010
1002
1002
1005
1005
1002
1002
1007
1003
1004
1006
1006
1006
1008
1003
1003
1007
1005
1006
1006
1005
1002
1010
1010
1002
1008
1010
1004
1004
1012
1004
1007
1007
1007
1004
1006
1006
1003
1008
1005
1005
1002
1010
1005
1006
1006
1004
1004
1009
1009
1003
1006
1003
1004
1004
1004
1007
1006
1006
1003
1005
1007
1007
1007
1007
1005
1005
1008
1004
1002
1002
1009
1003
1009
1005
1005
1005
1006
1004
1004
1008
1005
1006
1006
1006
1006
1009
1007
1007
1008
1006
1005
1005
1005
1007
1008
1008
1006
1007
1004
1004
1004
1004
1002
1002
1008
1004
1004
1006
1006
1003
1008
1006
1006
1007
1006
1007
1007
1002
1004
1004
1004
1004
1005
1006
1003
1003
1007
1004
1006
1006
1007
1003
1006
1006
1003
1006
1006
1006
1007
1005
1003
1005
1005
1004
1004
1005
1005
1005
1004
1008
1008
1006
1007
1003
1003
1007
1005
1006
1003
1003
1005
1007
1005
1005
1005
1005
1005
1005
1005
1004
1006
1006
1005
1005
1002
1004
1004
1007
1006
1005
1005
1004
1004
1007
1007
1007
1008
1005
1005
1005
1007
1006
1004
1004
1004
1007
1004
1004
1006
1006
1008
1006
1006
1005
1007
1007
1005
1006
1005
1002
1002
1006
1006
1005
1005
1003
1003
1005
1005
1006
1008
1006
1006
1004
1007
1003
1007
1007
1004
1006
1005
1005
1006
1004
1005
1005
1006
1008
1003
1003
1005
1004
1004
1006
1006
1005
1006
1007
1007
1005
1007
1004
1004
1005
1006
1005
1004
1004
1007
1005
1002
1002
1005
1005
1002
1002
1006
1002
1006
1006
1002
1006
1005
1006
1006
1004
1005
1004
1004
1006
1008
1004
1004
1000
1003
1006
1006
1006
1002
1004
1006
1006
1007
1005
1006
1006
1004
1004
1005
1005
1005
1006
1005
1005
1004
1007
1003
1003
1003
1008
1004
1004
1004
1005
1005
1007
1007
1003
1005
1006
1006
1007
1006
1007
1006
1006
1005
1007
1005
1005
1006
1005
1006
1006
1008
1005
1005
1005
1005
1003
1006
1004
1004
1006
1005
1004
1004
1004
1005
1005
1005
1005
1005
1006
1006
1002
1007
1005
1005
1005
1006
1006
1005
1005
1006
1005
1005
1005
1003
1005
1006
1006
1004
1006
1006
1005
1005
1001
1006
1004
1004
1007
1007
1006
1006
1005
1006
1003
1003
1003
1005
1007
1006
1006
1005
1005
1006
1006
1003
1007
1005
1005
1007
1007
1004
1004
1006
1006
1004
1003
1003
1004
1006
1007
1007
1003
1004
1002
1002
1005
1006
1004
1008
1008
1004
1006
1003
1003
1007
1006
1005
1005
1007
1006
1006
1006
1004
1004
1007
1004
1004
1003
1004
1004
1004
1003
1008
1005
1005
1004
1005
1005
1005
1008
1007
1008
1007
1007
1006
1005
1005
1005
1004
1004
1006
1006
1005
1004
1016
1016
983
1026
1009
986
986
1030
987
1010
1010
1008
1001
1013
1013
1004
1000
1012
1012
1001
1005
1015
993
993
1009
1013
1002
1002
1012
1000
1011
1011
1007
1000
1008
1008
1009
999
1014
1001
1001
1002
1016
996
996
1010
1006
1008
1008
1004
999
1004
1004
1007
1008
1001
1001
1001
1019
1003
1005
1005
993
976
1038
1038
1001
1008
1034
1034
956
1012
1026
1023
1023
957
1014
1005
1005
1007
1034
991
991
1018
978
1023
1023
1019
974
1028
990
990
1002
1056
924
924
1062
991
960
960
1072
969
1017
1017
1014
984
1016
1005
1005
996
1014
1004
1004
1005
1008
1000
1000
1005
1010
1012
1012
999
1006
1008
1001
1001
1009
1002
1011
1011
1006
995
1013
1013
1002
1012
1000
1003
1003
1013
1003
999
999
1004
1006
1011
1011
1001
1005
1007
1007
1007
1010
1002
1007
1007
1006
1004
1004
1004
1001
1009
1003
1003
999
1007
1007
1007
1007
999
1005
1009
1009
1004
1001
1004
1004
1011
1005
1001
1001
1006
1007
1009
1009
999
1004
1007
1002
1002
1004
1001
1005
1005
1005
1006
1003
1003
1001
1010
1003
1003
1004
1008
1005
1007
1007
999
1006
1010
1010
1002
1006
1015
1015
999
1002
1007
1007
1005
1014
1005
1000
1000
1008
1003
1004
1004
1017
999
1004
1004
1007
1000
1005
1005
1009
1001
1010
1002
1002
1003
1005
1012
1012
1003
1000
1010
1010
1005
989
1025
1025
1017
979
1024
1000
1000
999
1013
996
996
1012
1007
1000
1000
1021
992
1005
1013
1013
992
1012
1006
1006
1000
1008
1006
1006
995
1012
999
999
1002
1011
983
1013
1013
1045
1002
968
968
1004
1002
1012
1012
1025
996
1001
1001
1012
1005
1010
1003
1003
992
1009
1003
1003
1004
1013
1011
1011
996
1007
1004
1004
1008
1019
994
1013
1013
995
1008
1008
1008
998
1006
1007
1007
1006
1011
999
999
1007
999
1010
1000
1000
1010
1002
999
999
1007
998
1009
1009
998
1018
994
994
1011
1004
1002
1009
1009
999
1010
1007
1007
1001
1010
1003
1003
1003
1004
1005
1005
1001
1010
1010
999
999
1007
1011
999
999
1002
997
1012
1012
1003
1009
1008
1008
998
1011
1007
1002
1002
1006
999
1009
1009
1001
1000
1014
1014
999
1012
1002
1002
1005
1009
1001
1006
1006
1006
1004
1003
999
999
1010
1007
1007
1006
1006
1006
1006
1011
1006
1000
1003
1003
1010
1006
995
995
1012
1001
1011
1011
1012
997
1003
1007
1007
1006
1005
1008
1007
1007
1005
1005
1008
1008
1006
1005
1007
1007
1008
1007
1007
1007
1007
1005
1006
1008
1008
1006
1006
1006
1006
1005
1003
1003
1003
1006
1008
1006
1005
1005
1006
1005
1005
1005
1004
1006
1006
1006
1005
1006
1007
1007
1007
1009
1008
1005
1005
1005
1005
1005
1005
1004
1007
1004
1004
1002
1008
1003
1005
1005
1007
1003
1004
1004
1004
1007
1006
1006
1003
1006
1005
1005
1005
1005
1004
1004
1006
1005
1002
1003
1003
1004
1005
1003
1003
1004
1007
1008
1008
1006
1007
1006
1005
1005
1006
1004
1004
1004
1005
1006
1004
1004
1003
1005
1007
1007
1004
1007
1006
1006
1004
1005
1005
1004
1004
1005
1009
1006
1006
1005
1005
1003
1003
1006
1006
1003
1003
1004
1006
1007
1007
1007
1006
1007
1007
1007
1009
1003
1008
1008
1005
1003
1006
1006
1003
1005
1007
1004
1004
1007
1008
1007
1007
1004
1004
1003
1003
1008
1004
1002
1002
1004
1005
1004
1007
1004
1004
1005
1004
1004
1007
1005
1004
1004
1007
1004
1005
1005
1003
1006
1007
1005
1005
1006
1004
1006
1006
1005
1007
1006
1006
1006
1006
1007
1007
1005
1006
1007
1006
1006
1004
1007
1006
1006
1004
1007
1005
1005
1006
1004
1007
1007
1007
1005
1006
1003
1003
1004
1007
1006
1006
1005
1004
1006
1006
1004
1006
1006
1006
1004
1006
1006
1005
1005
1005
1007
1006
1006
1006
1004
1006
1006
1008
1007
1005
1005
1004
1004
1007
1007
1007
1005
1008
1005
1005
1005
1008
1005
1005
1005
1004
1004
1008
1008
1005
1007
1006
1006
1005
1005
1003
1003
1006
1005
1003
1003
1007
1005
1007
1005
1005
1004
1003
1003
1003
1002
1004
1006
1006
1004
1007
1003
1003
1006
1004
1005
1005
1004
1005
1004
1004
1003
1002
1004
1007
1007
1005
1006
1004
1004
1005
1006
1006
1006
1004
1004
1007
1007
1003
1004
1005
1004
1004
1001
1006
1009
1009
1003
1003
1007
1007
1006
1006
1007
1007
1007
1004
1007
1007
1007
1006
1003
1006
1006
1005
1003
1004
1004
1005
1004
1006
1006
1007
1004
1007
1004
1004
1005
1006
1007
1007
1004
1004
1007
1007
1006
1003
1004
1004
1003
1002
1006
1004
1004
1006
1007
1006
1006
1002
1003
1005
1005
1007
1007
1006
1006
1006
1003
1007
1004
1004
1008
1004
1005
1005
1003
1005
1007
1007
1004
1003
1006
1006
1002
1004
1007
1005
1005
1004
1005
1004
1004
1008
1005
1003
1003
1006
1005
1007
1007
1006
1003
1008
1006
1006
1003
1007
1006
1006
1006
1003
1003
1003
1007
1002
1005
1005
1006
1005
1005
1007
1007
1005
1007
1004
1004
1007
1004
1007
1007
1006
1005
1008
1006
1006
1007
1006
1003
1003
1009
1002
1002
1002
1007
1002
1007
1007
1003
1003
1005
1007
1007
1005
1005
1004
1004
1005
1004
1003
1003
1007
1007
1006
1006
1006
1003
1006
1005
1005
1007
1006
1006
1006
1002
1006
1006
1006
1007
1007
1006
1006
1004
1008
1007
1007
1007
1004
1005
1006
1006
1006
1002
1002
1002
1005
1006
1005
1005
1006
1007
1005
1006
1006
1004
1005
1007
1007
1004
1003
1004
1004
1007
1003
1007
1007
1007
1004
1006
1006
1006
1005
1003
1003
1003
1006
1003
1006
1006
1007
1005
1006
1006
1006
1005
1007
1005
1005
1005
1005
1005
1005
1004
1006
1005
1005
1007
1006
1003
1003
1002
1006
1007
1008
1008
1006
1006
1005
1005
1008
1004
1002
1002
1007
1008
1007
1007
1008
1007
1007
1004
1004
1004
1005
1005
1005
1007
1005
1006
1006
1006
1005
1005
1005
1003
1007
1003
1007
1007
1005
1006
1003
1003
1009
1003
1006
1006
1008
1006
1003
1003
1003
1010
1004
1006
1005
1005
1004
1003
1003
1005
1007
1006
1006
1007
1007
1003
1008
1008
1005
1005
1006
1006
1005
1006
1002
1002
1006
1008
1001
1001
1005
1009
1006
1006
1006
1004
1005
1005
1005
1005
1006
1004
1004
1006
1004
1004
1004
1002
1003
1007
1007
1007
1003
1007
1004
1004
1008
1005
1005
1005
1004
1007
1008
1008
1005
1004
1006
1005
1005
1007
1005
1005
1005
1005
1004
1007
1007
1004
1005
1004
1004
1007
1008
1006
1004
1004
1004
1007
1004
1004
1004
1006
1006
1006
1005
1008
1008
1008
1006
1005
1005
1005
1005
1006
1006
1006
1006
1007
1009
1003
1003
1003
1004
1007
1008
1008
1004
1007
1003
1003
1005
1005
1003
1003
1005
1004
1004
1004
1002
1004
1008
1008
1006
1005
1006
1004
1004
1004
1005
1005
1005
1005
1005
1005
1005
1005
1008
1008
1007
1007
1007
1007
1008
1008
1005
1006
1007
1007
1009
1004
1005
1005
1005
1002
1005
1005
1005
1004
1007
1005
1005
1006
1005
1007
1007
1006
1004
1003
1003
1004
1004
1004
1004
1004
1004
1004
1005
1005
1007
1004
1005
1005
1006
1005
1007
1007
1006
1006
1004
1005
1005
1005
1006
1004
1004
1005
1005
1005
1005
1003
1005
1007
1007
1004
1004
1005
1007
1007
1007
1005
1006
1006
1005
1008
1004
1004
1003
1005
1003
1003
1005
1004
1004
1006
1006
1004
1005
1005
1005
1006
1006
1004
1004
1004
1006
1004
1004
1004
1002
1005
1007
1007
1005
1004
1007
1007
1005
1002
1004
1004
1004
1008
1006
1006
1001
1009
1002
1002
1008
1009
1002
1005
1005
1005
1011
1001
1001
1007
1003
1004
1004
1007
1005
1005
1005
1005
1004
1003
1010
1010
1001
1006
1005
1005
1005
1003
1007
1007
1005
1004
1005
1005
1004
1005
1007
1004
1004
1004
1004
1005
1005
1009
1002
1004
1004
1002
1006
1005
1005
1004
1004
1006
1006
1006
1005
1005
1003
1003
1005
1008
1006
1006
1007
1003
1006
1004
1004
1002
1005
1006
1006
1006
1004
1005
1005
1007
1005
1005
1003
1003
1007
1006
1005
1005
1008
1003
1006
1006
1005
1006
1006
1006
1003
1006
1005
1005
1005
1008
1000
1000
1008
1006
1007
1008
1008
1001
1006
1006
1006
1002
1007
1003
1003
1009
1003
1004
1004
1006
1006
1009
1005
1005
1005
1007
1002
1002
1008
1011
1007
1007
1002
1004
1009
1009
1003
994
1011
1011
1011
1000
1002
1006
1006
1010
1001
1003
1003
1011
1000
1008
1003
1003
1007
1008
1006
1006
1003
1007
1005
1005
1005
1008
998
998
1009
1003
1006
1016
1016
997
1007
1001
1001
1005
1015
1001
1001
1005
1005
1002
1002
1010
1002
1006
1008
1008
999
1007
1004
1004
1005
1008
1004
1004
1007
1003
1003
1003
1006
1004
1008
1008
1008
1002
1007
1007
1007
1003
1008
1003
1003
1004
1005
1004
1004
1005
1001
1007
1006
1006
1004
1004
1004
1004
1003
1007
1003
1003
1005
1006
1006
1006
1005
1006
1003
1002
1002
1007
1007
1004
1004
1004
1003
1007
1007
1001
1006
1005
1005
1004
1007
1003
1007
1007
1006
1005
1007
1007
1005
1006
1005
1005
1004
1005
1006
1006
1007
1003
1005
1007
1007
1005
1005
1003
1003
1007
1005
1003
1003
1005
1006
1007
1007
1003
1005
1005
1002
1002
1005
1006
1004
1004
1004
1006
1002
1002
1003
1006
1005
1005
1006
1005
1004
1007
1007
1006
1004
1006
1006
1005
1008
1008
1008
1003
1005
1007
1007
1007
1004
1007
1006
1006
1005
1005
1005
1005
1006
1007
1002
1002
1003
1003
1005
1005
1007
1006
1005
1005
1005
1007
1008
1006
1006
1004
1006
1007
1007
1002
1005
1005
1005
1005
1007
1006
1005
1005
1005
1005
1005
1005
1007
1005
1004
1004
1004
1005
1006
1005
1005
1007
1004
1004
1004
1005
1003
1007
1007
1006
1006
1007
1007
1004
1004
1008
1004
1004
1007
1005
1008
1008
1007
1005
1004
1004
1006
1005
1007
1007
1006
1003
1007
1007
1007
1005
1008
1004
1004
1006
1002
1005
1005
1006
1005
1009
1009
1005
1005
1007
1005
1005
1005
1006
1002
1002
1005
1008
1009
1009
1007
1006
1006
1002
1002
1007
1005
1004
1004
1005
1008
1004
1004
1005
1007
1005
1005
1007
1003
1004
1004
1007
1002
1005
1007
1007
1005
1008
1002
1002
1004
1003
1006
1006
1004
1005
1005
1005
1009
1004
1008
1006
1006
1004
1006
1005
1005
1005
1005
1006
1006
1003
1006
1007
1007
1007
1006
1005
1004
1004
1005
1005
1006
1006
1004
1005
1008
1008
1004
1006
1004
1004
1005
1005
1004
1006
1006
1005
1005
1008
1008
1005
1004
1007
1007
1004
1003
1005
1005
1006
1007
1004
1004
1004
1003
1005
1005
1005
1004
1005
1005
1005
1003
1002
1006
1003
1003
1004
1006
1005
1005
1007
1008
1005
1005
1004
1006
1004
1004
1003
1004
1004
1003
1003
1007
1007
1006
1006
1004
1007
1008
1008
1004
1006
1005
1005
1003
1004
1005
1005
1005
1005
1005
1006
1006
1005
1006
1006
1006
1004
1005
1005
1006
1004
1007
1007
1003
1004
1007
1006
1006
1007
1005
1006
1006
1005
1006
1005
1005
1006
1006
1004
1004
1006
1004
1007
1005
1005
1006
1005
1007
1007
1004
1008
1004
1004
1004
1006
1004
1004
1004
1007
1005
1003
1003
1005
1002
1007
1007
1003
1006
1007
1007
1004
1002
1003
1003
1004
1005
1005
1006
1006
1005
1003
1003
1003
1005
1007
1004
1004
1002
1003
1005
1005
1006
1006
1007
1005
1005
1007
1005
1006
1006
1003
1005
1002
1002
1007
1002
1007
1007
1000
1006
1010
1005
1005
1005
1007
1005
1005
1007
1006
1006
1006
1006
1004
1005
1005
1005
1007
1004
1005
1005
1005
1005
1005
1005
1006
1007
1003
1003
1005
1007
1004
1004
1007
1004
1006
1006
1006
1005
1009
1008
1008
1006
1005
1006
1006
1005
1007
1005
1005
1007
1003
1003
1004
1004
1004
1003
1002
1002
1006
1004
1005
1005
1003
1005
1006
1006
1006
1003
1005
1003
1003
1005
1005
1005
1005
1007
1003
1008
1008
1004
1007
1005
1005
1004
1005
1005
1004
1004
1006
1005
1005
1005
1007
1004
1007
1007
1008
1005
1008
1008
1005
1004
1006
1006
1006
1002
1007
1005
1005
1005
1003
1008
1008
1007
1006
1008
1008
1004
1006
1005
1007
1007
1005
1007
1003
1003
1005
1007
1005
1005
1006
1005
1005
1005
1004
1004
1007
1007
1007
1006
1007
1007
1007
1004
1005
1004
1004
1004
1007
1007
1007
1007
1005
1004
1005
1005
1004
1004
1008
1008
1007
1004
1007
1007
1007
1004
1007
1007
1003
1007
1008
1006
1006
1005
1004
1008
1008
1004
1003
1007
1007
1005
1006
1002
1002
1005
1006
1007
1003
1003
1006
1005
1005
1005
1008
1008
1005
1008
1004
1006
1006
1007
1005
1005
1004
1004
1006
1004
1007
1007
1008
1006
1005
1005
1007
1004
1003
1003
1002
1005
1005
1005
1007
1005
1004
1005
1005
1007
1004
1007
1007
1007
1004
1006
1006
1005
1003
1005
1005
1006
1002
1006
1005
1005
1006
1007
1001
1001
1007
1006
1005
1005
1005
1007
1005
1005
1006
1004
1004
1007
1007
1007
1007
1008
1008
1008
1004
1005
1005
1004
1004
1006
1006
1005
1004
1005
1007
1007
1002
1005
1007
1007
1006
1009
1003
1003
1004
1005
1005
1005
1005
1004
1003
1007
1007
1006
1006
1005
1002
1002
1004
1006
1006
1005
1008
1005
1005
1005
1004
1004
1004
1005
1005
1004
1006
1006
1005
1004
1006
1006
1005
1006
1007
1007
1006
1007
1005
1005
1005
1006
1005
1006
1006
1006
1006
1006
1006
1007
1005
1007
1007
1006
1002
1007
1005
1005
1005
1004
1006
1006
1005
1007
1006
1006
1004
1004
1007
1007
1006
1005
1006
1005
1005
1007
1005
1004
1004
1002
1003
1007
1007
1004
1005
1009
1009
1005
1003
1007
1003
1003
1004
1006
1006
1006
1008
1005
1007
1007
1006
1007
1006
1006
1005
1004
1009
1003
1003
1005
1005
1004
1004
1006
1002
1006
1006
1004
1005
1008
1007
1007
999
1012
1002
1002
1002
1009
999
999
1008
1002
1006
1006
1006
1002
1007
1007
1000
1005
1008
1001
1001
1007
1004
1006
1006
1005
1003
1005
1005
1007
1006
1005
1005
1006
1006
1004
1005
1005
1004
1004
1004
1004
1005
1004
1003
1003
1006
1006
1003
1003
1005
1006
1005
1004
1004
1005
1003
1005
1005
1007
1007
1006
1006
1005
1005
1007
1007
1006
1006
1006
1006
1006
1004
1004
1007
1007
1001
1004
1004
1004
1005
1007
1005
1005
1004
1004
1004
1006
1006
1006
1007
1004
1004
1004
1005
1005
1005
1005
1005
1007
1007
1003
1006
1005
1005
1005
1008
1004
1008
1008
1005
1006
1005
1005
1006
1003
1004
1004
1012
1004
1008
1006
1006
1003
1006
1004
1004
1008
1007
1005
1005
1005
1002
1010
1010
1007
1001
1006
1005
1005
1007
1007
1005
1005
1008
1004
1008
1008
1005
1007
1007
1007
1006
1006
1005
1007
1007
1004
1001
1005
1005
1005
1004
1005
1005
1004
1001
1004
1004
1004
1008
1006
1008
1008
1006
1006
1005
1005
1002
1007
1007
1007
1007
1007
1006
1006
1004
1005
1005
1005
1005
1003
1009
1003
1003
1006
1006
1003
1003
1009
1003
1008
1008
1003
1004
1004
1005
1005
1007
1004
1005
1005
1006
1002
1006
1006
1003
1004
1006
1006
1003
1008
1006
1007
1007
1005
1005
1006
1006
1008
1006
1003
1003
1006
1006
1005
1005
1007
1007
1004
1002
1002
1004
1005
1005
1008
1008
1004
1007
1007
1004
1005
1005
1005
1001
1005
1006
1006
1006
1005
1003
1007
1007
1004
1006
1006
1006
1004
1005
1006
1006
1005
1004
1005
1007
1007
1004
1002
1003
1003
1007
1003
1003
1003
1006
1003
1005
1002
1002
1007
1007
1008
1008
1004
1007
1005
1005
1007
1008
1006
1006
1008
1003
1005
1005
1005
1007
1006
1007
1007
1006
1005
1007
1007
1004
1006
1005
1005
1004
1005
1006
1002
1002
1003
1005
1006
1006
1006
1007
1005
1005
1008
1005
1005
1005
1007
1006
1007
1008
1008
1006
1003
1003
1003
1006
1005
1005
1005
1004
1005
1006
1006
1005
1005
1005
1006
1006
1004
1003
1006
1006
1007
1004
1005
1005
1005
1007
1003
1003
1005
1006
1005
1004
1004
1007
1005
1005
1005
1004
1006
1006
1006
1005
1005
1006
1006
1005
1004
1007
1006
1006
1005
1005
1007
1007
1007
1008
1007
1007
1007
1004
1005
1005
1005
1004
1005
1005
1005
1005
1006
1004
1004
1005
1005
1004
1004
1006
1004
1004
1004
1004
1006
1003
1005
1005
1006
1006
1005
1005
1007
1006
1005
1005
1005
1006
1004
1004
1005
1005
1007
1005
1005
1007
1004
1007
1007
1007
1004
1006
1006
1003
1005
1005
1005
1006
1007
1007
1005
1008
1008
1005
1007
1007
1004
1006
1003
1003
1003
1008
1004
1004
1005
1004
1004
